Timestamp,Ax(m/s^2),Ay(m/s^2),Az(m/s^2),Gx(deg/s),Gy(deg/s),Gz(deg/s)
1745409392.1551,0.5698,0.9026,7.9631,-5.3435,4.1069,-0.0840
1745409392.2611,0.3424,0.7039,8.3510,-5.9237,4.6794,-0.0534
1745409392.3672,0.5818,0.4621,9.3158,-5.3969,3.9771,1.8931
1745409392.4732,0.4788,0.3328,9.9096,-5.4198,4.1298,1.8855
1745409392.5793,0.1724,0.0215,10.2807,-4.9237,3.7405,0.3435
1745409392.6874,-0.0694,-0.5602,12.1075,-3.0687,-0.3664,0.4504
1745409392.7933,-0.2083,-0.6345,12.5097,-1.1298,-2.4809,0.5649
1745409392.8993,-0.0431,-0.7997,12.5648,0.3206,-2.1832,0.4427
1745409393.0054,-0.1676,-0.7111,11.8441,0.9618,-5.8015,0.5802
1745409393.1114,-0.2179,-0.4046,10.8649,1.3893,-5.9008,0.7099
1745409393.2174,0.1389,0.2298,9.8402,0.8550,-4.3282,0.6183
1745409393.3234,0.2897,0.4573,8.8370,0.2214,-2.6183,0.3435
1745409393.4295,0.3065,0.8140,8.1044,-1.4809,-0.1450,0.1832
1745409393.5355,0.2203,1.0415,7.3981,-3.4962,1.5573,0.0305
1745409393.6415,0.1269,1.0008,7.4244,-4.4656,2.5191,0.0305
1745409393.7476,0.2969,1.0247,7.8171,-5.6260,3.8779,-0.0687
1745409393.8536,0.0503,0.7877,8.3246,-5.5954,3.4351,-1.8244
1745409393.9596,0.2514,0.7949,9.3733,-5.6183,4.1908,0.1298
1745409394.0677,0.0407,0.2131,11.0253,-4.0382,3.4809,0.1756
1745409394.1738,-0.1963,-0.1245,11.2504,-3.5115,1.7939,0.1832
1745409394.2799,0.0096,-0.1796,11.5879,-2.7939,-1.6031,-1.8168
1745409394.3860,-0.1365,-0.4214,12.2080,-1.1450,-2.6794,0.6489
1745409394.4920,-0.0192,-0.4836,12.3014,0.4427,-4.2595,0.5649
1745409394.6010,0.0910,-0.4334,11.1977,1.2672,-4.5191,0.4962
1745409394.7070,0.2705,-0.0383,10.0652,0.8779,-4.3817,0.4962
1745409394.8130,0.3687,0.1197,9.7252,0.9084,-5.8015,0.1069
1745409394.9190,0.3424,0.2634,9.0046,0.4046,-2.7863,0.4962
1745409395.0250,0.5195,0.3136,8.7724,-0.4733,-3.8931,0.2443
1745409395.1310,0.5387,0.5794,7.9416,-1.1756,-1.8473,0.1298
1745409395.2370,0.5315,0.7614,7.5034,-3.0763,1.7099,1.8626
1745409395.3431,0.5028,0.8571,7.6303,-4.8626,3.2290,-0.0916
1745409395.4491,0.1604,0.7518,8.5329,-5.5420,4.3740,-0.1145
1745409395.5551,0.1245,0.4094,9.5984,-5.1221,4.1298,0.0229
1745409395.6611,-0.1317,0.0670,10.3908,-4.8397,2.0153,0.2672
1745409395.7671,-0.2610,-0.3352,11.0684,-3.4504,0.1450,0.3588
1745409395.8731,-0.2227,-0.5866,12.4259,-1.2366,-2.3359,0.6718
1745409395.9791,-0.3519,-0.5507,12.5001,0.5420,-4.4275,0.6565
1745409396.0852,-0.2849,-0.4908,11.6550,1.0382,-5.7710,0.5420
1745409396.1912,-0.1915,-0.1532,11.0612,1.0153,-6.3053,0.6183
1745409396.2973,-0.0718,0.1317,10.3238,1.0458,-5.6794,0.6260
1745409396.4034,0.0790,0.2107,9.2703,-0.5038,-2.4809,0.4046
1745409396.5125,0.3567,0.6345,8.7245,-0.8168,-0.9924,0.1450
1745409396.6206,0.2059,0.8835,8.2768,-1.6183,-1.6947,0.0916
1745409396.7266,0.3711,0.8835,8.5281,-1.4427,-0.5344,0.3817
1745409396.8326,0.2729,0.5722,9.3158,-0.5267,-3.7481,0.1832
1745409396.9386,-0.0120,0.5555,9.6774,-0.7786,-3.2214,0.3130
1745409397.0446,-0.0072,0.1939,9.9623,-0.4656,-4.2137,0.3893
1745409397.1506,-0.1772,0.1365,10.5369,-0.1374,-3.8702,0.5344
1745409397.2566,-0.1652,-0.1580,11.0492,1.8092,-3.4733,0.6565
1745409397.3626,-0.1245,-0.3184,11.5017,-0.3282,-0.1298,0.3130
1745409397.4687,-0.3017,-0.2251,11.5831,-0.6183,-2.2214,0.4733
1745409397.5747,-0.1556,-0.2298,11.4275,-3.7557,-0.7481,0.3817
1745409397.6808,-0.1030,-0.1221,11.3126,-2.3893,-0.3435,0.3282
1745409397.7870,0.0575,-0.0838,10.8026,-3.2443,0.2137,0.1069
1745409397.8933,0.0383,-0.0048,10.8074,-2.3282,0.0916,0.2748
1745409398.0024,-0.0120,-0.0694,10.8218,-3.3206,0.1908,0.1985
1745409398.1099,-0.0503,0.1149,10.7332,-3.4122,1.0534,0.1908
1745409398.2160,0.3017,0.2466,10.0963,-3.1985,0.5878,0.2748
1745409398.3287,-0.0527,0.0239,11.0109,-2.8779,0.0076,0.1756
1745409398.4347,0.1652,0.0335,10.6901,-3.0229,1.0458,0.2366
1745409398.5408,0.3855,0.2346,9.6031,-4.3359,1.6641,0.1527
1745409398.6468,0.3615,0.4405,8.7077,-4.1374,1.8931,0.1221
1745409398.7528,0.3998,0.5722,8.3821,-3.6565,0.8855,0.1908
1745409398.8588,0.3783,0.3591,8.7173,-1.8931,0.4427,0.2214
1745409398.9649,0.4238,0.4214,9.2129,-1.1450,-0.6336,0.4122
1745409399.0709,0.3376,0.2825,9.2656,-1.0916,-1.7786,0.4809
1745409399.1770,0.3280,0.1484,9.2919,-1.2061,-3.9008,0.2214
1745409399.2830,0.2059,-0.0215,9.5696,-0.2443,-2.4198,0.4198
1745409399.3890,0.2801,-0.0479,10.5177,1.9084,-3.1603,0.4733
1745409399.4950,0.0263,-0.1867,11.0373,0.2290,-2.6183,0.4885
1745409399.6011,-0.0431,-0.2251,11.7986,-1.8855,-3.1221,0.3893
1745409399.7071,-0.1197,-0.1652,11.7627,-1.6107,-2.4504,0.4198
1745409399.8132,-0.0646,0.0670,11.5257,-2.5802,-1.3053,0.4046
1745409399.9192,-0.0287,0.2107,11.1474,-3.7481,0.1908,0.3359
1745409400.0253,0.0575,0.5148,9.6486,-4.8092,1.1527,0.2901
1745409400.1313,0.1891,0.7278,8.5712,-5.1985,2.5802,-1.8473
1745409400.2373,0.0958,0.8068,8.5018,-4.6260,2.3206,0.0458
1745409400.3464,0.2945,0.8308,8.2241,-3.9847,2.7481,0.0763
1745409400.4524,0.2179,0.7159,8.3270,-2.7786,1.6565,0.0305
1745409400.5584,0.2682,0.5674,8.9878,-1.1679,-0.3130,0.2443
1745409400.6645,0.1508,0.3974,9.3972,-0.6641,-3.7634,0.1527
1745409400.7706,0.0168,0.0120,9.5457,-0.8397,-3.4504,0.5649
1745409400.8766,0.0886,-0.3807,10.3190,-0.1221,-3.4962,0.2901
1745409400.9827,0.0144,-0.3448,11.1642,-0.6489,-2.7405,0.3053
1745409401.0887,0.1724,-0.2921,11.2049,-1.9771,-0.6412,0.3893
1745409401.1947,0.5626,0.1915,9.5744,-4.1679,2.3435,0.1221
1745409401.3008,0.6416,0.6488,8.3318,-3.3969,2.9618,0.2519
1745409401.4068,0.0599,0.5531,9.0525,-1.6107,-2.6183,0.2443
1745409401.5128,-0.2753,0.1796,10.5680,-0.8397,-4.0916,0.4046
1745409401.6189,-0.0910,0.0646,10.5153,-1.4351,0.1527,0.1908
1745409401.7249,0.1125,0.1413,10.3573,-2.7405,0.6870,-1.8550
1745409401.8310,0.4741,0.3232,8.8562,-2.6412,0.8168,0.2977
1745409401.9371,0.3017,0.1844,9.4379,-1.7786,-1.7252,0.3969
1745409402.0432,0.4166,0.0551,10.0245,-1.1298,-1.0534,0.3053
1745409402.1492,0.1604,-0.0359,10.6638,-0.9313,-0.5496,0.3588
1745409402.2553,-0.0215,0.1245,11.0612,-1.5496,-2.4656,0.3664
1745409402.3635,0.0455,0.6847,9.1746,-3.9771,0.9084,0.1298
1745409402.4695,0.0646,0.7542,8.4755,-2.9008,1.2061,-1.9237
1745409402.5756,-0.1197,0.4405,9.7683,-1.1908,-2.5725,0.3511
1745409402.6816,0.2083,-0.1341,10.3525,-1.2672,-1.2519,0.5802
1745409402.7877,0.1532,-0.2442,11.2887,-1.2443,-1.4275,0.1908
1745409402.8937,0.4764,0.2442,9.4020,-4.0076,1.6260,0.1221
1745409402.9998,0.4764,0.6009,8.6095,-2.6183,1.4351,0.1603
1745409403.1058,-0.1365,0.4214,9.8402,-0.7176,-4.2366,0.4580
1745409403.2118,-0.0096,0.1365,10.8122,-0.6107,-1.8321,0.1603
1745409403.3179,-0.0383,0.0622,10.6590,-2.4427,0.7863,0.0763
1745409403.4239,0.2921,0.5962,9.1506,-3.9008,0.8092,-1.8397
1745409403.5299,0.4501,0.2658,9.3158,-1.9389,0.4122,0.2290
1745409403.6359,0.1796,0.0215,9.8641,-1.0000,-2.1069,0.3969
1745409403.7419,0.4453,-0.0622,10.0676,-1.0992,0.0153,0.0458
1745409403.8480,-0.1197,-0.0383,10.8888,-1.0687,-3.8626,0.2824
1745409403.9540,-0.1125,0.3232,10.3262,-3.6260,-1.6794,0.4504
1745409404.0600,0.1269,0.6560,9.0285,-3.3511,2.5344,0.1221
1745409404.1660,0.0575,0.5243,9.0237,-1.6107,-1.2748,0.0840
1745409404.2721,0.1293,-0.1245,10.3430,-0.5115,-1.7099,0.2977
1745409404.3781,0.1293,-0.2682,10.5153,-1.6183,-1.2214,0.3282
1745409404.4841,0.2586,0.0192,10.2424,-3.4733,-0.5344,0.3282
1745409404.5901,0.5818,0.5339,8.7580,-4.1145,2.1374,-0.2901
1745409404.6988,0.4453,0.6009,8.7939,-2.2595,-1.9389,0.1985
1745409404.8049,-0.2274,0.1796,10.4722,-0.2214,-4.2748,0.5725
1745409404.9110,-0.1413,0.0263,10.4411,-1.7099,-0.3893,0.5878
1745409405.0179,0.1101,0.2514,9.6726,-3.4275,0.6870,0.1298
1745409405.1240,0.4908,0.3926,8.9950,-3.4809,0.5649,0.2137
1745409405.2376,0.4334,0.3400,9.2225,-2.2824,-0.0992,0.1908
1745409405.3436,0.0670,-0.0335,10.0533,-1.4275,-1.7176,0.3740
1745409405.4497,0.3448,0.0168,9.3948,-2.6412,0.4580,0.2748
1745409405.5557,0.0192,0.3567,10.2687,-2.0534,-1.1450,0.0992
1745409405.6617,0.1125,0.3352,9.2943,-2.4198,-0.0229,0.2748
1745409405.7678,0.0048,0.0168,10.3908,-1.4962,-1.5267,0.4046
1745409405.8738,0.3687,0.0215,10.0173,-2.4504,0.1298,0.4580
1745409405.9799,0.3974,0.3855,9.3422,-1.7557,0.1985,0.2290
1745409406.0859,-0.1724,0.0527,10.5489,-0.7710,-2.6718,0.2443
1745409406.1920,-0.1293,0.1987,10.6326,-2.0076,0.1527,0.1679
1745409406.2980,0.2873,0.4549,8.7508,-3.1679,0.7634,0.3664
1745409406.4041,0.2179,0.0766,9.5553,-1.4962,-3.8092,0.3817
1745409406.5102,0.2490,0.1341,9.9024,-2.0153,0.4427,0.2672
1745409406.6162,0.0215,0.2705,10.2975,-3.8244,-1.5878,0.2748
1745409406.7222,0.0958,0.4956,9.5672,-2.1374,0.6947,0.3435
1745409406.8283,-0.0742,0.0335,10.0820,-1.4275,-1.8092,0.5725
1745409406.9343,0.4310,-0.0383,10.6734,-1.9237,-0.1756,0.3664
1745409407.0405,0.4741,0.3759,8.6957,-3.3893,0.8168,0.4046
1745409407.1467,0.0215,0.3879,9.6678,-1.4580,-1.6183,0.4427
1745409407.2528,-0.1460,0.1341,10.3334,-1.8244,-1.0458,0.1908
1745409407.3589,0.1484,0.2562,9.7971,-3.0000,0.5115,0.3664
1745409407.4653,0.3687,0.2753,9.5960,-1.4275,-0.2519,0.4885
1745409407.5730,0.0168,0.0622,10.1107,-1.4046,-1.9847,0.5573
1745409407.6836,0.2370,0.0958,9.9718,-2.1527,0.4198,1.9466
1745409407.7897,0.0910,0.3328,9.5074,-2.5496,-1.6489,0.3511
1745409407.8957,0.0263,0.4788,9.4547,-2.2366,0.3053,0.4656
1745409408.0018,-0.1341,-0.1532,10.3382,-1.0153,-1.6183,0.6031
1745409408.1078,0.2993,0.0862,10.2663,-2.4580,-0.1832,0.2748
1745409408.2139,0.5243,0.2107,9.2081,-2.0992,1.2824,0.3740
1745409408.3199,0.0383,0.2753,10.0197,-1.1679,-3.0153,0.6336
1745409408.4259,-0.0599,0.1963,10.3238,-2.0153,-0.5038,0.1985
1745409408.5320,0.2849,0.4238,9.2368,-3.2748,0.9924,1.9313
1745409408.6380,0.3352,0.1389,9.7612,-1.3740,-1.5038,0.5802
1745409408.7440,0.3711,-0.0072,10.1993,-1.6870,0.0611,0.3969
1745409408.8500,0.0670,0.2011,10.2113,-2.1069,-2.0763,0.2595
1745409408.9561,0.0383,0.5914,9.4164,-2.4351,0.0840,0.1221
1745409409.0621,0.0239,0.0048,10.2783,-1.2748,-0.7557,0.3130
1745409409.1682,0.1844,0.1437,10.2041,-2.2061,-0.5038,0.5954
1745409409.2742,0.4381,0.3567,9.2895,-1.8015,-0.4885,0.3588
1745409409.3804,0.0000,0.0838,10.3406,-1.4962,-0.8473,0.4275
1745409409.4865,0.0024,0.3304,9.9048,-2.1985,1.8779,0.2977
1745409409.5926,0.0982,-0.0886,9.8234,-1.3893,-1.3588,0.2519
1745409409.6986,0.3926,0.2107,9.9383,-2.6183,0.6412,0.1145
1745409409.8047,0.1293,0.2705,9.6917,-1.7176,-0.2443,0.3969
1745409409.9120,-0.1437,-0.0287,10.4124,-1.7099,-1.5725,0.4656
1745409410.0210,0.2538,0.1867,9.8593,-2.3206,-1.0076,0.3435
1745409410.1270,0.1293,0.2179,9.8521,-1.1985,-3.7099,0.2672
1745409410.2331,-0.0479,0.3232,10.2687,-2.7481,0.5191,0.2290
1745409410.3391,0.4238,0.3424,9.1363,-2.5725,0.9160,0.3588
1745409410.4451,-0.0048,-0.0479,10.5201,-1.0382,-1.8092,0.4885
1745409410.5511,0.1700,0.3112,9.8545,-2.5344,-1.0916,0.3053
1745409410.6572,0.2466,0.3184,9.9623,-1.5496,-1.9008,0.2214
1745409410.7632,0.0670,0.0766,10.1897,-1.6641,0.1450,0.5344
1745409410.8692,0.2538,0.0646,9.8761,-2.5420,-0.4580,0.3740
1745409410.9753,0.3663,0.4429,9.6558,-1.2901,-0.9847,0.2061
1745409411.0813,-0.1365,0.2658,10.2256,-2.0611,1.8779,-0.2137
1745409411.1874,0.1125,0.4310,9.2057,-2.9771,0.5191,0.2214
1745409411.2934,0.1221,0.0144,9.9144,-1.7481,-2.4504,0.5649
1745409411.3994,0.2274,0.3232,9.7731,-2.5725,-0.1679,0.2137
1745409411.5054,0.2298,0.3783,9.7492,-2.0458,0.2443,0.0305
1745409411.6115,0.2346,0.0455,10.2328,-2.1985,1.1221,-1.9008
1745409411.7175,0.2322,0.1437,9.3972,-2.6412,0.1679,0.3435
1745409411.8236,-0.1604,0.0024,10.2639,-1.3511,-3.2214,0.4275
1745409411.9296,0.0335,0.3974,9.8761,-2.8931,-0.7023,0.4580
1745409412.0356,0.2059,0.2035,9.6917,-1.6412,-0.8397,0.2748
1745409412.1416,0.2658,0.2179,9.9551,-2.4580,0.7405,0.2366
1745409412.2507,0.0742,0.3879,9.4691,-2.0611,-1.3511,0.2061
1745409412.3567,-0.2298,0.1987,9.9718,-0.0382,-2.2519,0.4580
1745409412.4628,0.1772,0.2897,9.8689,-2.3817,-1.6412,0.3359
1745409412.5688,0.4669,0.3567,9.4858,-0.0992,-0.1069,0.2519
1745409412.6748,-0.1365,0.1604,10.3022,-2.0534,-0.3511,0.4885
1745409412.7808,0.0479,0.4334,9.5505,-2.4198,0.3359,0.2824
1745409412.8868,0.0383,-0.0096,9.9216,-1.4580,-2.8397,0.4351
1745409412.9928,0.1652,0.3998,9.6750,-2.6336,-0.3206,0.4656
1745409413.0989,0.2873,0.4022,9.4906,-1.8244,-0.1908,0.1450
1745409413.2049,0.0910,0.0694,10.1897,-2.0534,0.5878,0.4198
1745409413.3109,0.1796,0.2490,9.4547,-2.6870,0.3282,0.4427
1745409413.4170,-0.1820,0.0335,10.5632,-1.1145,-3.0687,0.4427
1745409413.5230,-0.1317,0.4046,9.7420,-2.8168,-0.2519,0.1374
1745409413.6299,0.3496,0.2514,9.7037,-1.6336,-0.2977,0.2137
1745409413.7360,0.2059,0.2825,9.9575,-2.6641,1.2748,0.1603
1745409413.8421,0.1700,0.4741,9.6295,-1.6412,-0.6183,0.4809
1745409413.9482,-0.1101,0.0120,10.2328,-2.0229,-1.1450,0.4046
1745409414.0543,0.2466,0.2131,9.8114,-0.0076,-1.2366,0.1985
1745409414.1603,-0.0192,0.0455,10.1921,-1.2443,-2.9084,0.4351
1745409414.2664,0.1532,0.4980,9.6391,-2.6870,-0.5038,0.1374
1745409414.3727,0.3472,0.1293,9.7444,-1.4580,-1.0992,0.1221
1745409414.4788,0.2490,0.2035,9.8976,-2.8473,1.0076,0.4122
1745409414.5848,0.2155,0.3136,9.7707,-1.6489,-0.2672,0.3053
1745409414.6909,0.0407,0.0263,10.0556,-2.3435,1.0840,0.2061
1745409414.7970,0.3448,0.2203,9.3781,-2.5267,0.2290,0.1221
1745409414.9030,-0.2777,0.0958,10.2639,-1.4122,-2.7481,0.5420
1745409415.0090,-0.0048,0.3950,9.9168,-2.4885,-1.0534,0.4046
1745409415.1151,0.3472,0.0431,9.7205,-1.6718,-0.7176,0.0992
1745409415.2211,0.4094,0.2921,10.0221,-2.4504,1.2977,0.1679
1745409415.3272,0.2274,0.4334,9.7109,-1.7786,-0.3664,0.5038
1745409415.4332,0.0048,0.0024,10.2831,-1.8626,-0.6183,0.4504
1745409415.5393,0.1532,0.0168,9.9216,-2.1679,-1.2290,0.4351
1745409415.6453,0.0622,0.1580,9.9144,-1.1298,-2.5878,0.2595
1745409415.7514,0.1077,0.3256,9.6845,-2.6947,0.2519,0.2061
1745409415.8576,0.3639,0.2227,9.3039,-1.8550,-0.3511,0.1069
1745409415.9637,0.3184,0.1963,9.8330,-2.5649,1.5038,0.2595
1745409416.0697,0.1437,0.3926,9.5744,-1.8015,-0.4122,0.2290
1745409416.1762,0.0862,0.0311,10.2376,-2.1374,-1.7939,0.5420
1745409416.2840,0.0694,0.2059,9.8474,-1.9924,-1.0458,0.2672
1745409416.3900,0.0263,0.0934,10.1059,-1.2214,-2.6794,0.3893
1745409416.4961,0.0239,0.3543,9.7085,-2.8244,-0.1985,-0.0153
1745409416.6021,0.3089,0.2682,9.5050,-1.5344,-0.4504,0.3053
1745409416.7081,0.3472,0.1676,9.8354,-2.5038,1.2443,-0.2290
1745409416.8142,0.0575,0.3926,9.6103,-1.9924,-0.9160,0.3053
1745409416.9202,0.1389,0.1317,10.1275,-1.9695,-0.2137,0.5344
1745409417.0262,0.1365,0.1269,10.0006,-3.8931,-1.0687,0.4809
1745409417.1322,0.0287,0.2035,10.0293,-1.3130,-2.5954,0.4733
1745409417.2383,0.0144,0.4190,9.6702,-2.9313,-1.7863,0.2214
1745409417.3443,0.3112,0.2562,9.4810,-1.6565,-1.8931,0.2290
1745409417.4504,0.2251,0.2298,10.0365,-2.6031,1.3588,0.2901
1745409417.5564,0.1030,0.3232,9.5936,-1.8321,-0.6641,0.2443
1745409417.6626,0.0599,0.0503,10.1035,-3.8321,-0.6870,0.2519
1745409417.7690,0.3136,0.2634,9.5672,-2.2443,-1.2366,0.3740
1745409417.8750,-0.0287,0.1245,10.0173,-1.4122,-2.8321,0.4504
1745409417.9817,0.0287,0.3232,9.7061,-2.7023,-0.6870,0.1221
1745409418.0905,0.3543,0.1820,9.3565,-2.0992,0.4733,0.3282
1745409418.1995,0.2562,-0.0551,10.2903,-1.7939,-0.7557,0.3817
1745409418.3077,0.1269,0.4357,9.4571,-2.6412,-1.4656,0.3206
1745409418.4138,0.0239,0.2011,9.8761,-1.7786,-3.8321,0.4733
1745409418.5198,0.3160,0.2322,9.7588,-2.3817,-0.2214,-0.0916
1745409418.6259,0.5650,0.3855,9.2584,-1.9466,0.6260,0.1374
1745409418.7319,-0.1269,0.0910,10.5441,-1.2748,-1.3435,0.4198
1745409418.8409,0.0790,0.3136,9.7276,-2.3053,-0.5115,0.0840
1745409418.9474,0.1700,0.0503,10.2113,-1.1374,-2.0840,0.4962
1745409419.0534,0.1796,0.2610,10.0197,-2.6183,0.8626,0.1450
1745409419.1595,0.0239,0.3567,9.8114,-1.6641,-0.6183,0.2290
1745409419.2655,0.1628,0.0024,10.3166,-2.2061,1.1985,0.1527
1745409419.3715,0.2586,0.2562,9.2847,-2.4962,0.0382,0.3282
1745409419.4776,-0.3065,0.0766,10.3573,-1.4733,-2.6260,0.4504
1745409419.5836,-0.0359,0.3687,9.7061,-2.6641,-0.3969,0.3435
1745409419.6896,0.2538,0.0168,10.0102,-1.1603,-1.3817,0.1756
1745409419.7957,0.3543,0.2777,10.0341,-2.6412,0.9160,0.0840
1745409419.9017,0.1604,0.3232,9.7468,-1.5878,-0.1908,0.4733
1745409420.0077,0.1245,0.1532,9.9910,-2.4580,0.8015,0.3359
1745409420.1138,0.1772,0.2658,9.4691,-2.4733,-0.0916,0.2443
1745409420.2198,-0.0144,0.0120,10.5058,-1.1603,-2.5802,0.4733
1745409420.3258,0.0718,0.4381,9.7779,-2.5191,-0.8473,0.4504
1745409420.4319,0.2753,0.0622,9.7396,-1.3969,-1.6183,0.3359
1745409420.5381,0.2035,0.3017,9.8330,-2.4580,0.7710,1.9466
1745409420.6441,0.1748,0.3831,9.5984,-1.6641,-0.1298,0.0840
1745409420.7503,0.0742,0.0335,10.3741,-1.7023,0.1221,0.1221
1745409420.8567,0.2370,0.2538,9.8976,-2.1069,-0.3435,0.3588
1745409420.9638,-0.0455,0.1484,9.9120,-1.6183,-1.2366,0.3130
1745409421.0729,0.1963,0.3687,10.0628,-2.6947,0.5496,0.2901
1745409421.1789,0.2658,0.3112,9.1459,-2.3435,0.2977,0.3893
1745409421.2849,0.1532,-0.0383,10.5608,-1.6489,-0.4962,0.3969
1745409421.3909,0.0215,0.4645,9.2536,-2.5344,-1.2061,0.3893
1745409421.4970,-0.1820,0.1006,10.1323,-1.6489,-2.2748,0.3588
1745409421.6030,0.1245,0.2825,9.7229,-2.5344,-1.2366,0.1527
1745409421.7090,0.3424,0.3017,9.5600,-1.7634,-0.3359,0.3053
1745409421.8150,0.0814,0.3352,10.3597,-2.4427,0.6031,0.2443
1745409421.9211,0.2083,0.3519,9.3134,-2.0916,-0.0763,0.4427
1745409422.0271,0.0646,-0.0934,10.5345,-1.8092,-1.3130,0.2595
1745409422.1332,0.0072,0.4381,9.4355,-2.3817,-1.3511,0.1298
1745409422.2392,0.0024,0.1891,10.0293,-1.8397,-1.5496,0.4046
1745409422.3453,0.4453,0.1628,9.7516,-2.2672,-0.2977,0.2824
1745409422.4513,0.3950,0.2610,9.3254,-2.1298,0.4275,0.0763
1745409422.5574,0.0263,0.1532,10.5177,-3.8779,0.1679,0.2061
1745409422.6635,0.2059,0.3232,9.4236,-2.3588,0.0916,1.9466
1745409422.7705,0.1891,-0.0383,10.4842,-1.5267,-2.3053,0.6412
1745409422.8775,0.1867,0.3950,9.6103,-2.2901,-0.9466,0.2443
1745409422.9837,0.0120,0.0599,10.1538,-1.6183,-1.6031,0.2214
1745409423.0899,0.0479,0.1724,9.7492,-2.7328,-0.9847,0.2595
1745409423.1961,0.3903,0.3448,9.2656,-0.1374,-1.8473,1.9008
1745409423.3021,-0.0670,0.1844,10.2831,-2.3740,0.4351,0.2977
1745409423.4090,0.3424,0.3711,9.2871,-2.6336,0.3511,0.3359
1745409423.5150,0.0263,-0.1221,10.4291,-1.5573,-1.2366,0.2595
1745409423.6210,0.0886,0.4525,9.4236,-2.3817,-1.6031,0.1298
1745409423.7270,-0.1413,0.1460,10.2496,-1.8397,-2.0992,0.4962
1745409423.8330,0.2849,0.2322,9.7995,-2.4733,-0.6489,0.1679
1745409423.9390,0.3903,0.2873,9.3278,-1.7252,-1.8931,0.1527
1745409424.0451,-0.1508,0.1604,10.4339,-3.8702,0.3817,0.1527
1745409424.1511,0.0982,0.2921,9.3565,-2.3588,0.0153,0.0992
1745409424.2571,0.2705,-0.0455,10.2328,-2.0076,-1.4504,0.3740
1745409424.3632,0.0503,0.3735,9.5553,-2.2824,-1.3130,0.0305
1745409424.4692,-0.0120,0.2155,9.9910,-1.6489,-3.9084,0.1908
1745409424.5752,0.2993,0.1580,9.7923,-2.3435,-1.0763,0.0992
1745409424.6813,0.3065,0.3304,9.3901,-0.0611,0.2672,0.2519
1745409424.7873,-0.1293,0.2203,10.4315,-1.9924,0.2595,0.2366
1745409424.8934,0.4286,0.3855,9.3063,-2.5267,-0.2061,1.9389
1745409424.9997,0.1389,-0.1484,10.4842,-1.7176,-1.2443,0.3359
1745409425.1077,0.2083,0.4046,9.6223,-2.5344,-1.2366,0.3130
1745409425.2139,-0.1006,0.0072,10.2065,-1.6183,-1.4427,0.3893
1745409425.3199,0.2610,0.2586,9.6151,-2.6641,-0.8015,0.1374
1745409425.4260,0.3400,0.1604,9.4332,-1.8321,0.1221,0.2290
1745409425.5325,0.1149,0.1987,10.3070,-2.0076,0.4351,-1.9466
1745409425.6395,0.1628,0.3304,9.2512,-2.5954,-0.2443,0.0229
1745409425.7485,0.0694,-0.0263,10.0820,-1.5954,-2.4885,0.5802
1745409425.8545,0.1891,0.4501,9.7707,-2.5878,-0.4504,0.3969
1745409425.9606,0.0096,0.2801,9.9024,-1.8244,-0.3893,0.1145
1745409426.0666,0.2442,0.1939,10.0149,-2.5725,1.2672,0.0458
1745409426.1727,0.3543,0.3089,9.4020,-2.5649,0.6947,0.3053
1745409426.2788,-0.1748,0.1532,10.3142,-1.4427,-2.4427,0.4580
1745409426.3848,0.1724,0.2370,9.8114,-2.2061,-0.5802,0.2443
1745409426.4909,0.1915,0.0670,9.9647,-1.4656,-1.8321,0.1756
1745409426.5969,0.2083,0.3879,9.8450,-2.5496,-1.8779,0.2366
1745409426.7030,0.1293,0.2610,9.9742,-1.7023,-0.7328,0.2519
1745409426.8090,0.2083,0.1700,10.0245,-2.1298,1.3053,1.9237
1745409426.9151,0.2945,0.2610,9.4906,-2.4275,0.5191,1.9008
1745409427.0211,-0.0503,0.0527,10.5632,-1.5878,-1.1450,0.3969
1745409427.1272,0.0599,0.3232,9.5170,-2.6336,-0.0840,0.2595
1745409427.2333,0.1269,-0.0886,10.4818,-1.3282,-2.4275,0.4198
1745409427.3394,0.1939,0.2945,9.6630,-2.5649,-1.1145,0.3282
1745409427.4455,0.0335,0.1197,10.1562,-1.1985,-1.2977,0.3435
1745409427.5516,0.1915,0.2298,9.8713,-2.4198,-0.1603,0.1450
1745409427.6584,0.3519,0.2921,9.0908,-2.4733,0.2901,0.0076
1745409427.7704,-0.1676,0.0670,10.0963,-1.3053,-3.0916,0.3588
1745409427.8764,0.2538,0.5219,9.7971,-2.6412,-0.4733,0.4504
1745409427.9825,0.3639,0.0814,9.6534,-1.3282,-1.3053,0.5115
1745409428.0885,0.3615,0.2179,10.0772,-2.6947,0.9924,1.9160
1745409428.1945,0.1149,0.3041,9.8114,-1.5115,-0.4580,0.2748
1745409428.3006,0.0000,0.2849,10.0054,-2.5649,0.9008,0.4733
1745409428.4066,0.2873,0.2873,9.3661,-2.3053,0.2061,0.1450
1745409428.5126,-0.1149,0.1125,10.3358,-2.1069,-0.7481,0.3282
1745409428.6187,0.1389,0.3663,9.3206,-2.4046,-0.2061,0.2137
1745409428.7247,0.0096,-0.0910,10.3501,-1.5573,-0.7252,0.4656
1745409428.8308,0.0934,0.4501,9.4236,-2.2214,-1.0153,0.2061
1745409428.9368,-0.0694,0.0982,10.2711,-2.0840,-0.0916,0.3817
1745409429.0429,0.2370,0.1915,9.5289,-2.4122,-1.1756,0.4809
1745409429.1491,0.1197,0.2346,10.2496,-1.4504,-1.7176,0.2824
1745409429.2552,0.1891,0.4262,9.9742,-2.6641,-1.9313,0.3588
1745409429.3614,0.3184,0.2107,9.3709,-1.6870,-0.6183,0.3282
1745409429.4675,0.3759,0.2346,9.9886,-3.0000,1.2366,0.2366
1745409429.5735,0.2801,0.2801,9.5720,-2.0305,-0.6641,0.3435
1745409429.6796,0.0000,0.0934,10.2496,-1.8626,-1.4809,0.3588
1745409429.7927,0.1413,0.3663,9.6007,-2.6412,-1.6489,0.2672
1745409429.8987,0.2705,0.1460,10.0844,-1.0458,-3.8855,0.3817
1745409430.0048,0.1963,0.3424,10.0772,-2.8779,0.2672,0.2061
1745409430.1108,0.4214,0.2418,9.6295,-1.8168,-0.4733,0.2595
1745409430.2168,0.2203,0.2418,10.0221,-2.7939,1.0687,0.2901
1745409430.3229,0.1341,0.2322,9.6893,-1.6794,-0.8473,0.1985
1745409430.4289,0.2322,0.1963,10.1275,-2.5115,1.5267,0.1908
1745409430.5349,0.3711,0.4022,9.2632,-2.3817,0.3206,0.2595
1745409430.6410,-0.0814,0.1437,10.2544,-2.2137,-0.5420,0.3817
1745409430.7470,0.1867,0.3352,9.4691,-2.3359,0.0763,0.1832
1745409430.8531,0.0479,-0.1173,10.4076,-1.7786,-1.5115,0.3206
1745409430.9591,0.1221,0.4525,9.3637,-2.2137,-1.0916,0.2290
1745409431.0677,-0.0838,0.1125,10.1993,-1.4275,-3.3893,0.3664
1745409431.1756,0.1437,0.2155,9.8761,-2.4351,-0.2748,-1.6260
1745409431.2838,0.5507,0.2945,9.0812,-2.6336,0.3282,0.3206
1745409431.3898,-0.0359,0.1580,10.3813,-1.9389,1.8473,0.2290
1745409431.4959,0.1963,0.3831,9.4882,-2.3130,0.1221,0.3740
1745409431.6020,0.1197,-0.0192,10.2448,-1.6718,-1.5115,0.5802
1745409431.7081,0.1125,0.3519,9.5409,-2.1527,-1.0916,0.2137
1745409431.8141,-0.0311,0.1077,10.3022,-1.8702,-2.3817,0.4198
1745409431.9202,0.2849,0.2155,9.5170,-2.1832,-1.1756,0.3664
1745409432.0263,0.1077,0.1245,10.2855,-1.0000,-2.0611,0.1374
1745409432.1323,-0.0383,0.4142,9.8545,-2.3588,-0.6183,0.5267
1745409432.2383,0.2658,0.0838,9.6606,-1.5267,-1.0153,0.2061
1745409432.3444,0.2131,0.3639,9.4284,-3.1145,-0.1679,0.1374
1745409432.4504,0.2777,0.3089,9.7899,-1.4198,-0.6260,0.3282
1745409432.5565,0.2346,0.1915,9.8497,-2.3817,0.7481,0.2214
1745409432.6625,0.3807,0.2993,9.4308,-2.2901,0.5344,0.3664
1745409432.7686,0.0311,0.3687,10.2927,-2.0611,0.3740,0.1527
1745409432.8746,0.2059,0.2682,9.4834,-2.0840,0.1069,0.1374
1745409432.9807,0.0694,-0.0599,10.5321,-1.9618,-0.9542,0.5115
1745409433.0867,0.1149,0.4812,9.6223,-2.1985,-0.9847,0.3740
1745409433.1957,-0.0311,0.2945,10.1347,-3.8931,-1.9847,0.3588
1745409433.3019,0.2107,0.2945,9.5409,-2.7557,-1.4198,0.2519
1745409433.4080,0.2059,0.1628,9.8426,-1.1603,-1.0534,0.1908
1745409433.5152,0.2155,0.4166,10.1203,-2.5573,0.6870,0.4046
1745409433.6214,0.3280,0.2274,9.4858,-1.9695,0.1756,0.3511
1745409433.7276,0.1939,0.0144,10.4914,-3.7786,-0.3969,0.2443
1745409433.8380,0.1676,0.3759,9.6343,-0.0153,-1.1527,0.2595
1745409433.9450,0.0311,0.0646,10.1897,-2.2595,-1.6794,0.4885
1745409434.0510,0.3112,0.2442,9.3996,-2.2290,-0.8168,0.3435
1745409434.1570,-0.0527,0.1987,10.4244,-1.2672,-2.6947,0.3740
1745409434.2631,-0.0239,0.3950,9.6869,-2.8931,-0.8626,0.3969
1745409434.3692,0.1460,-0.0024,9.9024,-1.4275,-1.6031,0.3664
1745409434.4752,0.2346,0.1987,9.7061,-2.5496,0.4122,0.0611
1745409434.5812,0.0503,0.2610,9.9192,-1.5191,-0.4580,0.1145
1745409434.6873,0.1796,0.2227,9.9527,-2.2061,1.4351,0.2977
1745409434.7934,0.3424,0.3160,9.3877,-2.2214,0.1985,0.3053
1745409434.8994,-0.0048,0.2993,10.3214,-2.1450,-0.5878,0.3130
1745409435.0054,0.1652,0.3926,9.1602,-2.4733,-0.5344,0.2901
1745409435.1115,0.0144,-0.1365,10.4172,-1.5191,-0.9695,0.4809
1745409435.2175,-0.0144,0.3711,9.4763,-2.1908,-0.9084,0.2214
1745409435.3237,-0.0120,0.0551,10.2161,-2.0382,-1.3817,0.3588
1745409435.4298,0.2682,0.2753,9.4786,-0.0153,-0.7481,0.0992
1745409435.5358,-0.1460,0.1030,10.4746,-1.1908,-2.6336,0.2901
1745409435.6419,0.0551,0.3783,9.6774,-2.5725,-0.4809,0.1145
1745409435.7482,0.1173,0.0838,9.7731,-1.1832,-0.9466,0.4580
1745409435.8571,0.1939,0.2538,10.0006,-2.3435,1.3435,1.9389
1745409435.9662,0.0431,0.4094,9.2751,-0.1298,-0.9542,0.4198
1745409436.0722,0.0886,-0.0838,10.3597,-1.7481,0.1679,0.0840
1745409436.1782,0.1939,0.2705,9.6223,-2.3740,0.1832,0.0382
1745409436.2842,-0.1125,0.1580,10.2113,-1.5267,-2.4885,0.7328
1745409436.3903,0.0215,0.3328,9.4882,-2.7939,-0.7023,0.3817
1745409436.4963,0.1772,0.1006,9.9934,-0.8855,-2.2672,0.2595
1745409436.6024,0.1006,0.5746,9.6199,-2.8855,-0.3435,0.1298
1745409436.7085,0.1006,0.1748,10.1801,-1.4962,-0.8626,0.5344
1745409436.8145,0.1963,0.2682,9.8593,-2.9771,0.4427,0.4733
1745409436.9205,0.4190,0.3089,9.3757,-1.9466,-0.7710,0.3053
1745409437.0265,0.0886,0.2801,10.3980,-2.1832,0.7557,0.4351
1745409437.1326,0.3089,0.2394,9.3087,-0.0992,0.1069,0.2901
1745409437.2386,0.1748,0.1245,10.2400,-2.3206,1.1069,0.3435
1745409437.3446,0.1628,0.3232,9.6343,-1.8244,-0.8779,0.1832
1745409437.4506,-0.0527,0.2107,10.1754,-2.0611,0.6031,0.2748
1745409437.5567,0.2849,0.2586,9.5744,-2.3511,0.2824,0.5115
1745409437.6628,-0.0766,0.0431,10.5393,-1.3435,-2.1756,0.2672
1745409437.7689,0.0383,0.3448,9.5505,-2.3817,-0.6718,0.2137
1745409437.8779,0.3328,0.0431,9.6822,-1.2977,-1.8092,0.4656
1745409437.9839,0.2227,0.2849,9.6391,-2.8855,0.3664,0.1374
1745409438.0899,0.1460,0.3424,9.7875,-1.6107,-0.3817,0.4122
1745409438.1960,0.3184,0.1915,9.9623,-2.3130,1.3969,0.0534
1745409438.3020,0.3711,0.2514,9.2344,-2.2824,0.6031,0.1756
1745409438.4081,-0.0575,0.0862,10.3358,-2.1450,-0.5191,0.2137
1745409438.5141,0.1820,0.3424,9.4595,-2.3359,0.1908,0.2290
1745409438.6201,0.1221,-0.0359,10.3477,-1.7405,-0.7863,0.0840
1745409438.7262,0.0144,0.3926,9.5409,-1.9771,-0.9313,0.4580
1745409438.8322,-0.0192,-0.0551,10.4291,-2.0000,-1.5573,0.6183
1745409438.9383,0.2729,0.2729,9.9551,-1.9618,-0.7176,0.4962
1745409439.0443,-0.1101,0.0670,10.4291,-1.1603,-2.9313,0.2366
1745409439.1504,0.0407,0.2035,9.6750,-2.1221,-0.6794,0.0305
1745409439.2566,0.1221,0.0407,9.8593,-1.2824,-2.1908,0.3511
1745409439.3628,0.2179,0.3903,9.3541,-3.1527,-0.1069,0.3282
1745409439.4688,0.1101,0.2610,10.1131,-1.1832,-0.5115,0.4198
1745409439.5749,0.2035,0.2753,9.8904,-2.3206,1.2443,0.3435
1745409439.6813,0.4405,0.2610,9.3470,-2.2977,0.4427,0.2901
1745409439.7875,-0.1532,0.0000,10.4627,-1.6489,-1.6489,0.2824
1745409439.8960,-0.0144,0.3807,9.6415,-2.3130,-0.5344,0.3359
1745409440.0020,0.0718,0.0838,10.2137,-1.5420,-2.3206,0.3893
1745409440.1080,0.0646,0.3855,9.7348,-2.5802,-0.7557,0.1450
1745409440.2141,-0.0096,0.1389,10.4555,-1.2672,-1.6870,0.3359
1745409440.3201,0.2370,0.2897,9.5241,-3.0916,-0.3206,0.2214
1745409440.4261,0.2394,0.2418,9.5146,-1.7328,-0.7023,0.1069
1745409440.5321,0.1149,0.2466,9.9599,-2.5725,0.6412,-1.9313
1745409440.6381,0.3328,0.2107,9.4068,-0.0305,0.0611,0.1298
1745409440.7442,0.4118,0.0551,10.3118,-2.2443,0.8702,0.0763
1745409440.8502,0.1532,0.5124,9.3877,-2.2977,-0.9237,0.2595
1745409440.9562,-0.1532,0.1293,10.1466,-2.0305,-1.1450,0.3130
1745409441.0623,0.3615,0.2203,9.8641,-2.1221,-0.3817,0.4427
1745409441.1683,-0.0503,0.0814,10.5321,-1.0992,-2.7634,0.4656
1745409441.2744,0.0263,0.3926,9.6822,-2.6336,-0.6489,0.3053
1745409441.3804,0.2825,-0.1197,9.6941,-1.3664,-3.7863,0.2519
1745409441.4866,0.3256,0.3184,9.6822,-2.8321,-1.7176,0.2519
1745409441.5926,0.0766,0.2658,9.9862,-1.2061,-0.7176,0.5725
1745409441.6987,0.1867,0.2897,9.7037,-2.5649,1.3053,-0.1679
1745409441.8077,0.5914,0.4357,9.3877,-2.2901,0.8473,0.0611
1745409441.9138,-0.0311,0.0096,10.4674,-1.8550,-1.2977,0.5496
1745409442.0203,0.0359,0.3424,9.7707,-2.3435,-0.4351,0.2214
1745409442.1294,0.1125,0.0096,9.9982,-1.5115,-2.7710,0.6260
1745409442.2354,0.1484,0.4094,9.4715,-2.8015,-1.1374,0.2214
1745409442.3415,0.0431,0.0622,10.3238,-1.4733,-1.4351,0.3817
1745409442.4476,0.2394,0.2897,9.7157,-2.3969,-0.3893,0.1832
1745409442.5536,0.1700,0.3065,9.3996,-1.8321,-0.0916,0.2137
1745409442.6597,0.0311,0.2801,10.5584,-2.2214,1.0305,0.1603
1745409442.7658,0.3472,0.1700,9.4595,-2.0000,0.2901,0.1298
1745409442.8718,0.1293,0.0431,10.3406,-2.2901,0.3511,0.4504
1745409442.9778,0.1221,0.3759,9.4667,-1.9542,-1.0382,0.3130
1745409443.0838,-0.0575,0.0862,10.1466,-2.2061,-1.0992,0.2595
1745409443.1899,0.2610,0.1820,9.6845,-1.9237,-1.0153,0.2443
1745409443.2959,0.0527,0.0479,10.2376,-1.3740,-2.7328,0.4275
1745409443.4019,0.2682,0.3711,9.7779,-2.6947,-0.7405,0.1374
1745409443.5080,0.1748,0.0096,9.7659,-1.4885,-1.3893,0.2595
1745409443.6157,0.2562,0.3519,9.6630,-3.0611,0.9618,0.2290
1745409443.7218,0.2227,0.2011,9.7492,-1.7099,-1.0000,0.2443
1745409443.8278,0.2011,0.1915,10.1347,-2.3206,1.7634,0.3206
1745409443.9338,0.3089,0.2179,9.2823,-2.4504,0.6565,0.1069
1745409444.0398,-0.0718,0.1077,10.2472,-1.9847,-1.9008,0.4198
1745409444.1488,0.0886,0.3687,9.4427,-2.7023,-0.1374,0.4351
1745409444.2549,0.0622,-0.0718,10.3118,-1.1221,-3.1603,0.5267
1745409444.3609,0.1460,0.4549,9.5600,-2.4122,-1.1527,0.1527
1745409444.4669,-0.0575,0.1389,10.3956,-1.7786,-1.6565,0.2366
1745409444.5729,0.2107,0.3376,9.4715,-2.5878,-1.4656,0.2824
1745409444.6789,0.2346,0.1628,9.8761,-1.0305,-1.2672,0.2519
1745409444.7849,0.1508,0.3280,9.9000,-2.6565,-1.8855,0.1527
1745409444.8910,0.3424,0.2777,9.4020,-1.6489,-1.9237,0.2366
1745409444.9970,0.1173,0.2777,9.7827,-2.9160,1.3817,0.3435
1745409445.1030,0.2586,0.2107,9.4643,-1.7863,-0.7328,0.2824
1745409445.2091,0.1389,0.1365,10.2161,-2.2443,0.8168,0.2214
1745409445.3151,0.3376,0.4070,9.3901,-2.4809,0.4122,0.1908
1745409445.4211,-0.1796,0.1221,10.3789,-1.8855,-1.0611,0.2137
1745409445.5271,0.2035,0.4334,9.3134,-2.6565,-0.2901,0.4275
1745409445.6332,0.0527,-0.0862,10.5082,-1.3588,-2.4122,0.2977
1745409445.7392,0.1197,0.3831,9.5624,-2.3664,-0.7939,0.5344
1745409445.8453,-0.1796,0.0239,10.1418,-1.9924,-3.8244,0.2519
1745409445.9514,0.2274,0.1987,9.3589,-2.1603,-1.4580,0.4198
1745409446.0575,0.1772,0.1437,9.9503,-1.2595,-1.4504,0.3359
1745409446.1636,0.1604,0.2753,9.8210,-2.7863,-0.0992,0.2977
1745409446.2698,0.4046,0.2442,9.4092,-1.9084,0.1832,0.2901
1745409446.3771,0.2370,0.2131,9.8785,-2.7939,1.2214,0.0229
1745409446.4831,0.0455,0.3567,9.7157,-1.7939,-1.0000,0.2061
1745409446.5892,0.1867,0.1341,10.2448,-3.8931,0.3511,0.2824
1745409446.6952,0.2227,0.2705,9.6486,-2.0382,0.0076,0.2137
1745409446.8012,-0.0934,0.1149,10.4244,-1.6107,-1.7863,0.3740
1745409446.9073,0.2490,0.3400,9.4427,-2.4275,-0.6794,0.0992
1745409447.0133,0.0599,0.0263,10.1011,-1.5344,-2.8397,0.4656
1745409447.1194,0.2394,0.4525,9.5840,-2.5191,-1.0076,0.0382
1745409447.2254,-0.0503,0.1149,10.4052,-1.6183,-1.9618,0.4580
1745409447.3314,0.0311,0.3711,9.3757,-2.9542,-1.2443,0.2519
1745409447.4375,0.1844,0.1796,9.6271,-1.5267,-1.5115,0.3817
1745409447.5437,0.1293,0.2370,10.0700,-2.6718,0.3206,0.3053
1745409447.6498,0.3065,0.2921,9.4164,-1.8168,0.0992,0.3053
1745409447.7559,0.2442,0.2586,10.2065,-2.3893,1.0611,0.0076
1745409447.8620,0.2825,0.3783,9.3254,-1.9313,-0.9466,0.2672
1745409447.9680,0.0359,0.0359,10.3453,-1.7481,0.3130,0.3893
1745409448.0740,0.2921,0.2322,9.6199,-2.3359,-0.1450,0.2977
1745409448.1802,-0.1484,0.1460,10.3789,-1.3282,-2.2824,0.3435
1745409448.2864,0.2251,0.4046,9.5241,-3.0534,-0.5573,0.1985
1745409448.3951,0.3136,0.0527,9.9240,-1.3130,-1.1298,0.2595
1745409448.5042,0.4453,0.3304,9.7348,-2.8397,0.5725,0.2519
1745409448.6107,0.2203,0.3496,9.7827,-1.8321,-0.5038,0.1069
1745409448.7167,0.3136,0.3663,9.9551,-2.5420,0.9084,0.2748
1745409448.8228,0.2753,0.2897,9.2943,-0.0458,-0.1756,0.4275
1745409448.9288,0.1197,0.3041,10.2400,-2.2290,0.3435,0.1756
1745409449.0349,0.3160,0.2083,9.4786,-1.8321,-0.5420,0.2137
1745409449.1409,0.2825,0.2298,9.9024,-2.6412,0.5038,0.3359
1745409449.2469,0.0862,0.3352,9.5385,-1.8168,-0.9237,0.3435
1745409449.3530,0.3136,0.2993,9.8761,-2.5878,1.6489,1.9160
1745409449.4591,0.3519,0.2059,9.5050,-2.0000,0.4656,0.2290
1745409449.5652,0.0646,0.1867,10.3022,-2.1527,-0.3359,0.1221
1745409449.6712,0.2729,0.3448,9.2512,-2.5115,-0.2137,0.3893
1745409449.7773,0.1317,-0.0239,10.3501,-1.5496,-0.6412,0.2595
1745409449.8833,0.0934,0.4812,9.5217,-2.1985,-1.3130,0.3588
1745409449.9894,-0.0551,-0.1484,10.1945,-2.2061,-1.5496,0.5267
1745409450.0957,0.3017,0.2993,9.6438,-2.0763,-0.9695,0.3969
1745409450.2037,0.0048,0.0862,10.1945,-1.2137,-2.5267,0.6107
1745409450.3099,0.0790,0.3472,9.6486,-2.4656,-0.8092,0.3664
1745409450.4160,0.1030,0.1389,9.9240,-1.3817,-1.6031,0.1832
1745409450.5225,0.2634,0.4190,9.6223,-2.9618,0.0763,0.2366
1745409450.6288,0.1101,0.2729,9.7947,-1.2137,-1.0153,0.2595
1745409450.7364,0.2634,0.1867,10.2568,-2.3893,1.1221,0.2672
1745409450.8455,0.3735,0.2059,9.4116,-2.3511,0.3206,0.4809
1745409450.9515,0.0335,0.1796,10.2927,-1.8244,0.6183,0.0992
1745409451.0575,0.1748,0.3615,9.3709,-2.3588,0.3206,0.1832
1745409451.1636,0.1437,0.0455,10.3453,-3.8931,0.0382,0.1985
1745409451.2696,0.0048,0.4549,9.2991,-2.1756,-0.6641,0.3511
1745409451.3757,-0.1365,0.0646,10.1275,-2.1374,-0.4046,0.2366
1745409451.4817,0.2514,0.2969,9.6845,-2.2748,1.8397,0.4580
1745409451.5878,-0.0886,0.0551,10.5632,-1.5267,-1.9160,0.1985
1745409451.6939,0.1269,0.3687,9.5840,-2.1985,-0.4504,0.3130
1745409451.8000,0.0766,-0.0814,10.3669,-1.5115,-2.3359,0.5344
1745409451.9061,0.1963,0.5986,9.4882,-2.2443,-0.9008,0.2061
1745409452.0121,-0.1580,0.0599,10.4148,-3.9084,-1.7328,0.2748
1745409452.1181,0.2107,0.2753,9.6223,-2.0229,-1.3130,0.4962
1745409452.2242,0.0024,0.0622,10.3813,-1.2061,-2.3817,0.5344
1745409452.3302,0.0239,0.3496,9.7540,-2.6641,-0.6107,0.1908
1745409452.4363,0.0335,0.0287,10.1035,-1.0687,-2.3053,0.3282
1745409452.5424,0.2945,0.4453,9.3757,-2.6794,-0.9466,0.3817
1745409452.6485,-0.0934,0.0311,10.3406,-1.3740,-2.0076,0.3664
1745409452.7550,0.3615,0.3376,9.7396,-2.6031,0.6641,0.1527
1745409452.8639,0.2753,0.1867,9.5696,-1.9924,-1.7405,0.3206
1745409452.9730,0.0168,0.1652,10.3262,-2.2366,0.6260,0.2290
1745409453.0790,0.1580,0.2729,9.2129,-2.1908,-0.2214,0.2977
1745409453.1851,0.1987,0.0455,10.3262,-2.1298,0.5344,0.2519
1745409453.2911,0.0646,0.4094,9.7995,-2.0153,-0.9008,0.2901
1745409453.3972,-0.1317,-0.0072,10.1658,-2.1145,1.8473,0.4427
1745409453.5032,0.3807,0.2274,9.5672,-3.8855,1.9313,0.0992
1745409453.6092,-0.0790,0.1221,10.4076,-1.3282,-1.6947,0.4351
1745409453.7153,0.1173,0.3855,9.4763,-2.4275,-0.1985,0.2214
1745409453.8214,0.1077,-0.1030,10.3717,-1.7328,-1.8321,0.2443
1745409453.9274,0.0862,0.3855,9.4954,-2.1603,-0.7710,0.1374
1745409454.0335,-0.1317,0.0215,10.4004,-1.9389,-1.6718,0.2595
1745409454.1395,0.2298,0.1915,9.7683,-1.8168,-0.3893,0.4656
1745409454.2455,-0.0359,0.0575,10.5872,-1.3206,-1.8702,0.2901
1745409454.3517,0.0383,0.2873,9.5600,-2.2061,-0.1374,0.1527
1745409454.4578,0.1413,-0.0742,10.2208,-1.5420,-2.3359,0.3893
1745409454.5677,0.2011,0.4142,9.5146,-2.6412,-0.8015,0.3206
1745409454.6757,0.1173,0.1125,10.3717,-1.0611,-1.3130,0.4198
1745409454.7817,0.2921,0.2945,9.6654,-2.8168,-1.8855,0.3282
1745409454.8879,0.1460,0.2346,9.7516,-1.3435,-1.0458,0.5267
1745409454.9940,0.1939,0.3424,9.9479,-2.7710,0.3588,0.2366
1745409455.1001,0.1532,0.2897,9.6798,-1.3130,-0.5420,0.2519
1745409455.2061,0.2131,0.2155,9.6750,-2.8015,1.1603,0.2290
1745409455.3139,0.1844,0.3304,9.5505,-1.8702,-0.7710,0.1985
1745409455.4199,0.2753,0.2538,10.1586,-2.1374,1.0153,0.3893
1745409455.5260,0.4717,0.3591,9.2225,-2.3435,0.5038,0.2519
1745409455.6320,0.0670,0.2921,10.5345,-3.8779,1.9084,0.1756
1745409455.7381,0.2705,0.3926,9.2919,-2.3282,0.2061,0.1756
1745409455.8441,-0.0096,0.1125,10.4291,-1.5954,-0.4580,0.3511
1745409455.9502,-0.0215,0.4310,9.5744,-1.9695,-0.5649,0.0534
1745409456.0562,-0.0742,-0.0383,10.1035,-1.9695,-1.0229,0.1603
1745409456.1622,0.3304,0.2059,9.7659,-2.0534,-0.2290,0.2519
1745409456.2683,-0.0718,0.1484,10.3573,-1.4122,-2.1679,0.5573
1745409456.3744,0.1700,0.2921,9.6726,-2.2061,-0.5038,0.1756
1745409456.4837,0.1676,0.0766,10.0940,-1.2977,-1.7252,0.2290
1745409456.5917,0.2107,0.3280,9.5840,-3.0458,-1.3817,0.0229
1745409456.6998,0.1365,0.2538,9.9934,-1.3664,-1.0992,0.2672
1745409456.8059,0.2705,0.1556,9.8258,-2.5344,0.9466,0.2214
1745409456.9121,0.3591,0.1556,9.4763,-1.9008,-0.2901,0.4351
1745409457.0183,0.2346,0.2705,10.0940,-2.4198,0.7252,0.1450
1745409457.1269,0.3879,0.3519,9.4834,-2.1603,-0.1756,0.1374
1745409457.2357,0.1628,0.0215,10.4962,-1.8321,-0.6870,0.4427
1745409457.3418,0.1317,0.4741,9.4499,-2.0153,-0.5115,0.2443
1745409457.4491,-0.0263,-0.0120,10.3262,-2.0840,-1.5191,0.2901
1745409457.5552,0.2346,0.1341,9.5960,-2.4046,-0.6565,0.4122
1745409457.6612,-0.0622,0.0335,10.4267,-1.4580,-2.1221,0.3053
1745409457.7672,0.0886,0.3591,9.4260,-2.5954,-0.2595,0.1450
1745409457.8733,0.0862,-0.0120,10.1921,-1.4504,-2.6260,0.3893
1745409457.9793,0.1173,0.4262,9.5193,-2.1221,-0.9847,0.1603
1745409458.0854,-0.0048,0.0096,10.6039,-1.7481,-1.9389,0.4580
1745409458.1914,0.2682,0.2658,9.5888,-2.5954,-1.0153,0.1221
1745409458.2975,0.1245,0.1173,10.2711,-1.5725,-2.7023,0.3511
1745409458.4035,0.1532,0.3328,9.7181,-2.3588,-0.5267,0.5725
1745409458.5096,0.0694,0.0886,10.1825,-1.5267,-2.7023,0.5573
1745409458.6156,0.0168,0.3496,9.5217,-2.2901,-0.8931,0.2214
1745409458.7217,-0.1460,0.0958,10.2711,-1.7328,-2.1221,0.5038
1745409458.8281,0.2658,0.3232,9.7205,-2.2748,-1.3664,0.2214
1745409458.9343,0.0766,0.0670,10.1275,-1.3053,-1.3511,0.3740
1745409459.0433,0.0958,0.3160,9.9407,-2.7786,0.1450,0.4809
1745409459.1509,0.3256,0.2203,9.5193,-1.7099,-0.2824,0.3130
1745409459.2570,0.1556,0.3065,9.8857,-2.9695,1.1145,0.2061
1745409459.3630,0.1891,0.2897,9.6343,-1.8397,-1.2977,0.2290
1745409459.4767,0.0766,0.0718,10.0963,-2.2901,-1.2290,0.7099
1745409459.5828,0.1484,0.2179,9.6750,-1.7099,-0.5573,0.4885
1745409459.6888,0.1508,0.0383,10.5967,-1.6718,-1.8168,0.2443
1745409459.7949,0.2298,0.4453,9.3398,-2.7557,-0.0916,0.2901
1745409459.9009,-0.0215,-0.0431,10.4148,-1.5038,-2.7634,0.5878
1745409460.0070,0.1844,0.3831,9.4858,-2.2366,-1.5573,0.1985
1745409460.1130,-0.1604,-0.0096,10.3908,-1.8626,-0.0153,0.3893
1745409460.2191,0.3041,0.1724,9.6893,-2.2824,-1.0840,0.4275
1745409460.3251,-0.1101,0.1197,10.3573,-1.1985,-2.9389,0.4351
1745409460.4312,0.1724,0.3855,9.4978,-2.4427,-0.3969,0.2443
1745409460.5372,0.0503,-0.0359,10.1131,-1.5496,-2.6641,0.1374
1745409460.6432,0.2610,0.4357,9.4667,-2.7405,-0.8626,0.4198
1745409460.7493,0.0862,0.1221,10.4531,-1.6718,-1.7634,0.5191
1745409460.8553,0.2346,0.2251,9.5122,-2.6183,-1.4809,0.1756
1745409460.9614,0.1772,0.2155,10.0580,-1.2061,-2.2366,0.3282
1745409461.0674,0.0263,0.3639,9.6606,-2.7634,-0.3053,0.2595
1745409461.1736,0.3472,0.0838,9.9168,-1.2137,-1.3282,0.4351
1745409461.2797,0.2322,0.3831,9.4140,-3.0000,-0.4046,0.1221
1745409461.3858,0.2586,0.2993,10.1131,-1.3817,-1.2595,0.0840
1745409461.4918,0.2394,0.2538,9.5098,-2.4427,0.5038,0.3206
1745409461.6042,0.4046,0.2562,9.6582,-1.8473,0.3359,0.3206
1745409461.7103,-0.0239,0.0527,10.3813,-1.8397,-0.5038,0.2366
1745409461.8163,0.1006,0.1820,9.2847,-2.5420,-0.4275,0.4580
1745409461.9223,0.1460,-0.0072,10.2185,-3.8015,-0.7557,0.5496
1745409462.0284,0.0910,0.3519,9.5337,-2.1221,-1.0000,0.1756
1745409462.1344,0.1149,0.0551,10.1849,-1.9924,-0.6260,0.0534
1745409462.2404,0.3256,0.2945,9.6534,-1.9847,-0.4122,0.2672
1745409462.3464,-0.0838,0.1006,10.1418,-2.1527,-1.0916,0.5115
1745409462.4524,0.0024,0.3807,9.3613,-2.5420,-0.1679,0.3664
1745409462.5584,0.1269,0.0096,10.2256,-2.0534,-0.9924,0.3282
1745409462.6644,0.1101,0.4142,9.5098,-1.8321,-0.7023,0.4351
1745409462.7704,-0.0024,0.0096,10.2208,-2.2290,-0.4656,0.2901
1745409462.8764,0.2011,0.2490,9.6415,-2.0763,0.2443,0.3664
1745409462.9825,0.0215,0.0048,10.3262,-3.8244,-1.3130,0.3511
1745409463.0885,0.1604,0.3400,9.4188,-2.3435,-0.2595,0.1756
1745409463.1946,0.1221,-0.0790,10.4459,-1.4046,-1.8626,0.2824
1745409463.3007,0.0287,0.3400,9.5241,-1.8015,-1.0153,0.2595
1745409463.4068,-0.0431,0.0287,10.2687,-1.8473,-0.0076,0.2595
1745409463.5133,0.2634,0.4477,9.5385,-2.2824,-1.0534,0.4733
1745409463.6194,0.0599,0.2897,9.9000,-1.2595,-2.0382,0.3359
