Timestamp,Ax(m/s^2),Ay(m/s^2),Az(m/s^2),Gx(deg/s),Gy(deg/s),Gz(deg/s)
1745320784.5702,0.1365,0.1652,10.2544,-1.4809,-2.3206,0.4122
1745320784.6762,0.2059,0.1365,9.4308,-1.5878,-0.7939,0.0458
1745320784.7822,0.2131,0.2203,9.5553,-1.7634,-0.7481,0.3435
1745320784.8883,0.1772,0.0168,9.6989,-1.7099,-1.3511,0.3359
1745320784.9943,0.1963,0.0622,9.6558,-1.7176,-1.1069,0.2443
1745320785.1004,0.2777,0.1532,9.7229,-1.4809,-0.4275,0.1908
1745320785.2065,0.2011,0.2155,9.6678,-1.5038,-1.0229,0.3206
1745320785.3126,0.1580,0.1628,9.8138,-0.0305,-0.5878,-1.8931
1745320785.4188,0.2227,0.1125,9.6702,-1.6489,-1.0153,0.1527
1745320785.5248,0.1556,0.0311,9.7085,-1.7557,-0.6641,0.0611
1745320785.6309,0.1891,0.1676,9.5672,-1.6641,-0.7328,0.2366
1745320785.7369,0.2825,0.1987,9.6295,-1.6489,-0.8092,0.1145
1745320785.8431,0.2203,0.1580,9.7037,-1.5344,-0.9695,0.2061
1745320785.9492,0.1987,0.1724,9.8186,-1.5878,-0.8321,1.9389
1745320786.0552,0.2059,0.2298,9.6271,-1.5802,-0.8626,0.0916
1745320786.1612,0.2849,0.2227,9.7420,-1.7252,-0.9542,1.9313
1745320786.2673,0.2442,0.1939,9.7133,-1.6718,-1.0229,0.1527
1745320786.3733,0.1963,0.1748,9.6965,-1.6260,-0.7557,0.0992
1745320786.4793,0.1915,0.1724,9.6271,-1.6718,-0.9008,-0.0305
1745320786.5853,0.2705,0.0982,9.5936,-1.5878,-0.6947,1.9466
1745320786.6914,0.2370,0.0263,9.6893,-1.8168,-0.8397,0.1756
1745320786.7974,0.2274,0.2179,9.7133,-1.6870,-0.9084,-0.1527
1745320786.9034,0.2346,0.1245,9.7300,-1.5496,-1.0000,0.1374
1745320787.0094,0.2370,0.0934,9.6869,-1.6870,-0.8702,0.2901
1745320787.1155,0.1891,0.1676,9.5648,-1.5878,-0.9542,0.1603
1745320787.2215,0.2490,0.2059,9.6869,-1.7328,-0.9771,0.1069
1745320787.3275,0.2682,0.2490,9.6893,-1.7557,-0.9618,0.0840
1745320787.4335,0.1724,0.0359,9.7324,-1.4809,-0.8779,0.2977
1745320787.5396,0.1939,0.1413,9.5217,-1.7634,-0.9542,0.0840
1745320787.6456,0.2538,0.1939,9.6941,-1.5878,-0.8473,0.1985
1745320787.7518,0.2298,0.0910,9.5888,-1.5878,-0.9542,0.1527
1745320787.8580,0.1915,0.1652,9.7372,-1.6336,-0.8702,0.2977
1745320787.9642,0.1987,0.2969,9.6319,-1.5802,-0.7023,-1.8702
1745320788.0703,0.1987,0.1700,9.7085,-1.7786,-0.9542,0.1756
1745320788.1764,0.2346,0.1389,9.7636,-1.5649,-1.0229,0.1069
1745320788.2827,0.1604,0.2921,9.7229,-1.8244,-0.8015,0.0840
1745320788.3889,0.2586,0.1796,9.6822,-1.6718,-0.9313,1.9389
1745320788.4961,0.1796,0.1293,9.6726,-1.5191,-0.8397,0.1527
1745320788.6021,0.1484,0.1772,9.7396,-1.5649,-0.8855,0.2595
1745320788.7081,0.4573,0.2011,9.6343,-1.7634,-0.8550,0.1985
1745320788.8142,0.2203,0.2538,9.6845,-1.8702,-0.7710,0.2061
1745320788.9202,0.1915,0.1915,9.6438,-1.6412,-0.6107,-0.0382
1745320789.0262,0.2370,0.1197,9.4810,-2.0534,-0.0611,0.2519
1745320789.1322,0.2610,0.2993,9.6510,-1.5802,-0.9313,0.2366
1745320789.2383,0.2131,0.1772,9.5313,-1.7023,-0.7710,-0.0382
1745320789.3444,0.1580,0.1676,9.7540,-1.6718,-0.8015,0.0916
1745320789.4504,0.2274,0.1796,9.7588,-1.5191,-1.0916,0.2595
1745320789.5564,0.2729,0.2394,9.7013,-1.7176,-0.8626,0.2061
1745320789.6625,0.2179,0.1269,9.6893,-1.7786,-0.8855,0.2977
1745320789.7685,0.2849,0.1365,9.7229,-1.6718,-1.0000,0.3130
1745320789.8746,0.2729,0.2658,9.4044,-1.7481,-0.4962,0.3664
1745320789.9806,0.2251,0.1844,9.7252,-1.5878,-0.7634,0.2290
1745320790.0866,0.1437,0.1484,9.8186,-1.6947,-1.1145,0.2901
1745320790.1927,0.3208,0.1365,9.7492,-1.4275,-1.3969,0.1374
1745320790.2987,0.0622,0.2203,9.9000,-1.4122,-1.4275,0.2366
1745320790.4048,0.3065,0.2466,9.6031,-1.5267,-0.6260,0.3740
1745320790.5110,0.1700,0.0263,9.6606,-1.6489,-0.8702,0.1298
1745320790.6173,0.2634,0.1365,9.7324,-1.5725,-0.9389,0.2137
1745320790.7262,0.2490,0.2179,9.6558,-1.4275,-0.9924,0.2519
1745320790.8322,0.2155,0.1772,9.9886,-1.6870,-1.5267,0.2595
1745320790.9384,0.2227,0.1844,9.7348,-1.6794,-1.3053,0.1069
1745320791.0445,0.1437,0.1460,9.7205,-0.0687,-0.9008,-1.8626
1745320791.1507,0.1772,0.1197,9.7205,-1.7252,-0.8626,0.1527
1745320791.2568,0.2179,0.1604,9.7372,-1.6412,-1.0840,0.0458
1745320791.3629,0.2418,0.1939,9.7348,-1.6565,-0.9542,0.0229
1745320791.4690,0.2801,0.1987,9.6822,-1.7099,-0.8855,0.1908
1745320791.5750,0.1724,0.1748,9.6845,-1.6947,-0.9160,0.1298
1745320791.6810,0.2418,0.1053,9.8497,-1.4351,-1.4122,0.1221
1745320791.7871,0.0335,0.2490,9.8904,-1.6183,-1.0992,0.0763
1745320791.8931,0.2083,0.2466,9.7037,-1.6870,-0.9313,0.1603
1745320791.9992,0.1652,0.2011,9.5505,-1.5954,-0.8855,0.3130
1745320792.1052,0.2203,0.1963,9.7085,-1.7557,-0.8702,0.2443
1745320792.2112,0.0575,0.1437,9.5170,-1.5802,-0.8855,-1.9389
1745320792.3172,0.2442,0.1844,9.5888,-1.6794,-0.8015,0.1527
1745320792.4233,0.1772,0.2705,9.6247,-1.7405,-1.1527,0.3664
1745320792.5293,0.0790,0.1053,9.7636,-1.6107,-0.5115,-0.0763
1745320792.6353,0.3280,0.2107,9.7923,-1.5802,-0.9695,0.2901
1745320792.7413,0.1748,0.1580,9.6822,-1.7557,-0.8168,0.1450
1745320792.8474,0.1844,0.1772,9.7348,-1.5954,-1.1527,0.1450
1745320792.9534,0.2083,0.1891,9.7851,-1.6412,-0.8015,0.1603
1745320793.0597,0.2394,0.1101,10.1466,-1.5267,-1.7176,1.8550
1745320793.1658,0.2059,0.2298,9.5241,-1.8473,-0.2137,0.0382
1745320793.2720,0.2873,0.1532,9.7803,-0.0153,-0.3282,0.3588
1745320793.3781,0.5483,0.5555,9.3637,-1.7863,-1.8702,0.1908
1745320793.4842,0.0072,-0.1125,9.8402,-1.6794,-1.1679,-1.9237
1745320793.5904,0.3807,0.1437,9.6893,-1.3817,-0.9466,0.2672
1745320793.6965,0.2155,0.2466,9.7444,-1.7786,-1.1450,0.2748
1745320793.8042,0.2969,0.0742,9.6415,-1.6641,-0.6947,0.1450
1745320793.9102,-0.1772,-0.1413,9.2632,-3.1298,5.5344,-0.3588
1745320794.0162,0.6297,-0.0072,9.0860,-0.2214,-6.1298,0.3511
1745320794.1223,0.2107,0.7015,9.6319,-2.2137,0.0534,0.0534
1745320794.2283,0.2346,-0.1772,9.8066,-1.6718,-0.8626,0.0840
1745320794.3343,0.2155,0.2921,9.6367,-1.3588,-0.9618,0.1832
1745320794.4403,0.1772,0.2035,9.8090,-1.7710,-0.8015,-0.1069
1745320794.5464,0.0766,0.1221,9.8330,-1.5802,-0.9466,0.2290
1745320794.6524,0.0599,0.2251,9.7348,-1.3817,-1.5191,0.0763
1745320794.7584,0.2945,0.2610,9.5217,-1.8397,-0.6031,1.9466
1745320794.8645,0.2155,-0.0048,9.6558,-1.5267,-0.4962,0.3740
1745320794.9705,0.1844,0.2993,9.7659,-1.7176,-1.3588,-0.1679
1745320795.0766,0.0814,0.0766,9.6798,-1.7328,-0.7099,0.1985
1745320795.1826,0.1820,0.2610,9.8521,-1.5573,-1.1298,0.0305
1745320795.2887,0.0790,0.2179,10.0556,-1.5420,-0.0229,0.0382
1745320795.3947,0.2682,0.0215,9.6486,-1.6489,-0.4656,0.2214
1745320795.5007,0.2370,0.2442,9.6989,-1.6031,-0.9160,0.0840
1745320795.6068,0.1820,0.1580,9.9096,-1.7023,-1.2595,1.9466
1745320795.7129,0.1748,0.0694,9.8354,-1.5954,-1.1603,0.2824
1745320795.8222,0.2466,0.2346,9.7540,-1.4351,-1.7252,-1.8321
1745320795.9302,0.2586,0.2658,9.6103,-1.7099,-0.6031,0.1756
1745320796.0363,0.0503,-0.0144,10.2807,-1.4046,-0.0534,0.3511
1745320796.1424,0.2131,0.2179,9.7396,-1.5115,-1.0000,0.2519
1745320796.2485,0.3184,0.1341,9.7013,-3.8855,-0.5496,0.3130
1745320796.3546,0.2849,0.1293,9.7037,-1.5954,-0.6718,0.0916
1745320796.4622,0.2753,0.2777,9.6486,-1.6947,-0.9542,0.0992
1745320796.5683,0.2658,0.1844,9.6726,-1.6947,-0.8397,0.1527
1745320796.6753,0.0239,0.1269,9.7659,-1.6794,-2.2595,1.9160
1745320796.7814,0.3783,0.1413,9.5840,-1.6565,-0.7405,0.1985
1745320796.8874,0.0192,0.1796,9.6726,-1.7176,-0.7863,0.3053
1745320796.9934,0.2179,0.0263,9.8019,-1.7252,-0.8626,0.2824
1745320797.0995,0.2658,0.2035,9.5337,-1.6336,-1.1069,0.2977
1745320797.2055,0.2203,0.1700,9.7516,-1.7634,-0.8931,0.1145
1745320797.3115,0.2203,0.1293,9.7324,-1.7023,-0.9847,0.2214
1745320797.4175,0.0120,0.1844,9.7037,-1.7023,-0.8244,0.3664
1745320797.5236,0.1700,0.1820,9.7731,-1.7176,-0.8244,0.0153
1745320797.6296,0.1772,0.1556,9.7731,-1.6870,-0.8473,0.1374
1745320797.7356,0.1844,0.1628,9.8019,-1.7023,-0.8702,0.2061
1745320797.8417,0.1365,0.1867,9.7923,-1.7481,-1.1832,1.8779
1745320797.9477,0.0455,0.2298,9.7085,-1.6718,-1.0840,0.2748
1745320798.0542,0.0096,0.2179,9.9910,-1.4809,-1.7405,0.3359
1745320798.1603,0.2945,0.2298,9.6127,-1.7252,-0.6947,1.9389
1745320798.2664,0.1628,0.1030,9.7875,-1.6183,-0.7328,0.0840
1745320798.3729,0.1963,0.2897,9.8809,-1.5954,-1.0229,0.3511
1745320798.4817,0.1341,0.2059,9.7636,-1.6183,-0.8092,0.2748
1745320798.5907,0.2969,0.1772,9.5960,-1.8473,-0.6870,0.0992
1745320798.6968,0.1724,0.1197,9.7995,-1.5725,-0.8015,0.2672
1745320798.8028,0.3543,0.2155,9.2823,-1.8321,-0.0534,0.2366
1745320798.9089,0.1820,0.2370,9.7540,-1.6336,-0.8931,0.2595
1745320799.0149,0.3160,0.0934,9.8330,-1.9084,-0.2595,-1.8931
1745320799.1209,0.1125,0.1197,9.7324,-1.7328,-1.0687,0.1908
1745320799.2269,0.2610,0.2251,9.6917,-1.6412,-0.9084,0.2748
1745320799.3330,0.2011,0.1652,9.6941,-1.5725,-0.8397,0.2061
1745320799.4390,0.2251,0.1269,9.7276,-1.6031,-0.8473,0.2977
1745320799.5450,0.2610,0.2203,9.6869,-1.6107,-0.9237,0.3664
1745320799.6510,0.1772,0.2538,9.5529,-1.6718,-0.8473,0.2366
1745320799.7570,0.1125,0.1053,9.6462,-1.8397,-0.7634,0.2443
1745320799.8630,0.2777,0.1365,9.4643,-1.6107,-0.5496,-1.7710
1745320799.9691,0.2346,0.2131,9.9862,-1.5725,-1.0153,0.4962
1745320800.0751,0.2011,0.1963,9.7971,-1.7099,-1.1069,0.2443
1745320800.1811,0.0862,0.1221,9.7420,-1.5496,-0.9847,0.2595
1745320800.2871,0.2849,0.1460,9.6893,-1.7099,-0.8168,0.2672
1745320800.3932,0.1484,0.2682,9.6798,-1.6794,-0.9466,0.1450
1745320800.4993,0.3448,0.1245,9.5385,-1.5725,-0.9542,0.1756
1745320800.6053,0.1628,0.1413,9.6750,-1.7176,-0.7557,0.2443
1745320800.7113,0.2753,0.1556,9.7348,-1.7099,-0.9542,0.0992
1745320800.8174,0.1939,0.0144,9.8593,-1.4885,-0.9313,0.2214
1745320800.9256,0.2083,0.1748,9.6845,-1.6565,-1.2595,0.0916
1745320801.0319,0.3065,0.2705,9.5936,-1.8931,1.8397,0.1374
1745320801.1381,0.1437,0.1508,9.9048,-1.2519,-1.1374,0.0153
1745320801.2442,0.2777,0.1604,9.5816,-1.5802,-0.9924,0.2214
1745320801.3502,0.1652,0.1796,9.5984,-1.7405,-0.6565,0.2290
1745320801.4564,0.2873,0.1077,9.6941,-1.6107,-0.9542,0.1374
1745320801.5626,0.1460,0.2035,9.5888,-1.6565,-0.7786,0.0992
1745320801.6704,0.2466,0.1820,9.6774,-1.4198,-1.1679,0.1221
1745320801.7794,0.2705,0.0335,9.4332,-0.0305,-0.6260,0.1221
1745320801.8854,0.3448,0.1939,9.4308,-1.8702,-0.3053,0.1221
1745320801.9914,0.2131,0.1915,9.7588,-1.6947,-0.9008,0.1374
1745320802.0974,0.2514,0.1939,9.5864,-1.7023,-0.8015,1.8931
1745320802.2034,0.2322,0.1867,9.8019,-1.7863,-0.8244,0.0076
1745320802.3094,0.1389,0.1508,9.6726,-1.6336,-0.7405,0.0305
1745320802.4154,0.2586,0.2083,9.7276,-1.6412,-0.9237,0.1985
1745320802.5214,0.1796,0.1796,9.6774,-1.7481,-0.9237,-1.8550
1745320802.6275,0.2897,0.1006,9.7181,-1.6260,-0.9924,-1.9084
1745320802.7335,0.1820,0.1867,9.6917,-1.5496,-0.9237,0.0534
1745320802.8395,0.2466,0.1700,9.6726,-1.6031,-0.9695,0.2748
1745320802.9455,0.1772,0.1700,9.7229,-1.6336,-0.8092,0.1756
1745320803.0515,0.2107,0.1437,9.7157,-1.6870,-0.9847,0.2977
1745320803.1576,0.2155,0.1867,9.6965,-1.6336,-0.9237,-1.8015
1745320803.2636,0.1915,0.3017,9.6750,-1.6412,-1.0458,0.1679
1745320803.3696,0.1963,0.1532,9.5577,-1.7328,-0.9618,0.1908
1745320803.4757,0.2370,0.1221,9.6893,-1.6794,-0.8550,0.4504
1745320803.5817,0.2729,0.2634,9.6534,-1.5878,-1.1527,0.3130
1745320803.6879,0.3615,0.1844,9.9479,-1.6794,-1.3435,0.3588
1745320803.7940,0.1604,0.1173,9.4451,-1.9313,-0.3130,0.0382
1745320803.9003,0.2251,0.0455,10.5752,-1.3206,-3.1221,0.2672
1745320804.0065,0.0311,0.2873,9.7564,-1.7863,-0.9160,0.5267
1745320804.1125,0.0144,0.0503,9.9551,-1.6870,-1.5878,0.2443
1745320804.2186,0.3112,0.2753,9.6462,-1.5649,-0.9847,0.4427
1745320804.3269,0.1389,0.2346,9.6151,-0.0076,-0.7786,0.1450
1745320804.4329,0.2083,0.0431,10.0748,-1.4275,-1.7023,0.1985
1745320804.5391,0.3017,0.2059,9.4595,-1.6336,-0.1145,0.1908
1745320804.6451,0.1628,0.2418,9.6917,-1.9313,-1.0305,0.3588
1745320804.7511,0.2442,0.1532,9.8114,-1.6031,-1.0000,0.2824
1745320804.8571,0.2203,0.1700,9.5265,-1.7634,-0.8702,0.2061
1745320804.9631,0.1437,0.1700,9.7348,-1.3740,-0.9924,-1.9313
1745320805.0691,0.2658,0.1508,9.6678,-1.6107,-0.9084,0.3740
1745320805.1752,0.2179,0.1987,9.6151,-1.5878,-0.6336,0.2824
1745320805.2812,0.2203,0.1245,9.7085,-1.6412,-1.0076,0.5267
1745320805.3872,0.2514,0.1915,9.6726,-1.8092,-0.7023,-0.1069
1745320805.4932,0.1939,0.1197,9.6798,-1.7710,-0.8855,0.1985
1745320805.5993,0.2155,0.0503,9.6845,-1.6260,-0.9847,0.1221
1745320805.7053,0.2370,0.1604,9.7420,-1.7557,-0.9008,0.1832
1745320805.8114,0.1437,0.1413,9.7109,-1.7481,-1.0458,0.1832
1745320805.9174,0.2370,0.1484,9.4619,-1.8779,-0.3130,-0.1145
1745320806.0234,0.2251,0.2634,9.7659,-1.7710,-0.8626,0.1908
1745320806.1294,0.1652,0.1293,9.8952,-1.6336,-1.0611,0.3511
1745320806.2354,0.2586,0.0886,10.0245,-1.5802,-0.8702,0.2366
1745320806.3415,0.2418,0.2753,9.4739,-1.9160,1.9466,0.0687
1745320806.4475,0.3089,0.1772,9.5648,-1.7023,-0.7939,0.1145
1745320806.5535,0.1604,0.0790,9.8306,-1.6183,-1.1985,0.1450
1745320806.6595,0.0694,0.1556,9.6271,-1.7099,-0.7023,0.1603
1745320806.7656,0.2729,0.2274,9.6893,-1.3740,-1.0076,0.1298
1745320806.8718,0.2610,0.0934,10.0700,-1.6412,-1.2290,0.3282
1745320806.9779,0.2538,0.1437,9.8521,-1.4733,-1.6260,0.1527
1745320807.0839,0.2777,0.2466,9.5457,-1.9084,-0.7634,0.1298
1745320807.1910,0.1796,0.1915,9.7252,-1.7176,-0.8244,0.0611
1745320807.2970,0.1652,0.1652,9.6702,-1.7176,-1.0534,-0.0687
1745320807.4031,0.3256,0.1867,9.8450,-1.6412,-1.3206,1.9237
1745320807.5121,0.2131,0.1197,9.6079,-1.7939,-0.5802,1.9313
1745320807.6181,0.2490,0.0982,9.4834,-1.6031,-0.1603,0.0382
1745320807.7241,0.2849,0.2203,9.5026,-1.5344,-0.8702,0.0000
1745320807.8302,0.1317,0.2131,9.6127,-1.9389,-0.9466,0.0305
1745320807.9364,0.2586,0.1101,9.6247,-1.6641,-0.8473,1.9313
1745320808.0424,0.1772,0.2945,9.8234,-1.4733,-0.7710,0.0687
1745320808.1484,0.1987,0.1820,9.7516,-1.6641,-0.8931,0.2061
1745320808.2544,0.1867,0.1724,9.6654,-1.6183,-1.0153,0.1908
1745320808.3604,0.4573,0.2346,9.6343,-1.8473,-0.5191,0.1527
1745320808.4665,0.2083,0.2993,9.5648,-1.9542,-0.6260,-0.1679
1745320808.5725,0.2083,0.1604,9.6702,-1.4809,-0.9924,0.1908
1745320808.6785,0.1748,0.1460,9.6822,-1.7176,-0.8244,-0.0916
1745320808.7845,0.2610,0.1365,9.7803,-1.6565,-0.8931,0.0687
1745320808.8905,0.2251,0.1867,9.6917,-1.6031,-0.9466,0.2595
1745320808.9966,0.2059,0.1796,9.7300,-1.6947,-0.8550,0.2061
1745320809.1026,0.1173,0.1580,9.7731,-1.5420,-1.2214,0.1832
1745320809.2086,0.2753,0.2466,9.4236,-2.0229,-0.4885,0.1756
1745320809.3181,0.2418,0.1676,9.6175,-1.7557,-0.5878,0.3282
1745320809.4262,0.2538,0.1915,9.6774,-1.5725,-0.9237,0.0992
1745320809.5323,0.1772,0.2011,9.5170,-1.7939,-0.8702,-0.0229
1745320809.6423,0.2777,0.1820,9.6391,-1.7328,-0.5496,0.2061
1745320809.7502,0.2682,0.1915,9.6678,-1.5878,-1.0763,0.2443
1745320809.8563,-0.0024,0.1580,9.8785,-1.7328,-0.9771,0.0840
1745320809.9624,0.3783,0.0670,9.5433,-1.8168,-1.0687,1.9160
1745320810.0686,0.2035,0.1532,9.7061,-1.6336,-0.7176,1.9084
1745320810.1760,0.1796,0.1269,9.7516,-1.5496,-1.0382,0.0687
1745320810.2823,0.1724,0.1556,9.6271,-1.5954,-0.7099,0.3740
1745320810.3883,0.0982,0.1963,9.7827,-1.6947,-0.6107,0.0611
1745320810.4952,0.2849,0.1197,9.6558,-1.6412,-1.1069,0.1832
1745320810.6013,0.2227,0.1580,9.6822,-1.8092,-0.7634,0.1985
1745320810.7073,0.2274,0.1748,9.7085,-1.6794,-1.0076,0.3817
1745320810.8133,0.1915,0.2777,9.7875,-1.6794,-0.8397,0.3664
1745320810.9193,0.1437,0.1772,9.7013,-1.8550,-0.7863,0.3435
1745320811.0254,0.1891,0.1341,9.7061,-1.6260,-0.7863,0.3588
1745320811.1314,0.2825,0.1413,9.6391,-1.6489,-0.9389,0.0687
1745320811.2375,0.2227,0.0215,9.6654,-1.4198,-0.9313,0.3969
1745320811.3435,0.2370,0.1939,9.7013,-1.5420,-0.9695,0.3588
1745320811.4495,0.1724,0.0790,9.6462,-1.7481,-0.6565,0.2443
1745320811.5555,0.1963,0.1844,9.7085,-1.5267,-0.8321,0.3740
1745320811.6615,0.2370,0.1820,9.7636,-1.6107,-1.0076,0.3206
1745320811.7676,0.2107,0.1652,9.5864,-1.8015,-0.9542,-0.0229
1745320811.8736,0.2274,0.1508,9.6845,-1.7023,-1.0076,0.4733
1745320811.9796,0.2203,0.1724,9.7300,-1.7099,-1.0611,0.1145
1745320812.0856,0.2897,0.2634,9.7205,-1.6794,-1.0305,0.1679
1745320812.1917,0.1963,0.1652,9.6845,-1.7481,-1.0458,0.3969
1745320812.2977,0.2203,0.2011,9.6486,-1.5649,-0.8244,0.0840
1745320812.4037,0.1676,0.1724,9.6319,-1.6870,-0.8855,0.0992
1745320812.5098,0.1963,0.0120,9.5026,-1.5496,-0.8015,0.0840
1745320812.6158,0.2131,0.1580,9.7252,-1.7939,-1.0534,0.1069
1745320812.7219,0.2346,0.1700,9.7037,-1.6031,-0.8550,0.1374
1745320812.8279,0.2251,0.0311,9.7707,-1.6183,-0.8244,0.2061
1745320812.9341,0.2274,0.1556,9.6654,-1.9084,-0.9695,0.2290
1745320813.0402,0.1939,0.1652,9.6989,-1.7481,-0.8321,0.2137
1745320813.1463,0.2562,0.1939,9.6295,-1.6565,-0.7939,0.1603
1745320813.2525,0.2490,0.1269,9.6558,-1.7557,-0.9618,0.1908
1745320813.3588,0.2562,0.1580,9.6462,-1.5878,-0.9084,0.2977
1745320813.4650,0.1891,0.1891,9.5361,-1.8550,-1.0840,0.2214
1745320813.5711,0.2490,0.1724,9.5217,-1.7328,-0.8397,-0.0382
1745320813.6799,0.1796,0.2083,9.6989,-1.7557,-1.1527,0.2519
1745320813.7859,0.2274,0.1221,9.6031,-1.6641,-0.7405,0.3359
1745320813.8920,0.2107,0.1341,9.7372,-1.5878,-0.8702,0.3893
1745320813.9980,0.2107,0.2083,9.5553,-1.7099,-1.0382,-1.8473
1745320814.1040,0.2035,0.1604,9.6079,-1.6412,-0.8397,0.3053
1745320814.2100,0.1700,0.1700,9.7276,-1.7786,-0.8931,0.2672
1745320814.3161,0.2227,0.1652,9.7276,-1.4885,-0.8626,0.2290
1745320814.4221,0.1748,0.2466,9.6822,-1.6947,-0.9084,0.0992
1745320814.5281,0.2873,0.1652,9.6941,-1.6947,-0.9237,0.2137
1745320814.6341,0.2274,0.0192,9.6199,-1.7557,-0.8397,0.1145
1745320814.7402,0.2418,0.2993,9.7157,-1.7557,-0.9924,0.1374
1745320814.8462,0.2849,0.1604,9.6750,-1.6107,-0.8779,0.2214
1745320814.9522,0.2203,0.1628,9.7013,-1.5191,-0.9008,0.2290
1745320815.0582,0.2538,0.0024,9.6582,-1.7023,-0.9847,0.0382
1745320815.1643,0.2083,0.2083,9.5744,-1.5267,-1.0382,1.9466
1745320815.2703,0.1939,0.2011,9.8019,-1.6565,-0.8473,0.1298
1745320815.3764,0.1652,0.1389,9.7109,-1.6031,-0.9542,0.1908
1745320815.4824,0.1604,0.0072,9.5337,-1.7328,-0.9389,0.1908
1745320815.5884,0.2179,0.1365,9.7133,-1.6031,-1.0000,1.9389
1745320815.6945,0.2083,0.2059,9.6726,-1.7099,-1.0076,0.1221
1745320815.8005,0.2322,0.1915,9.5409,-1.6565,-0.9084,0.1374
1745320815.9066,0.2658,0.1556,9.6893,-1.5496,-0.8550,0.2214
1745320816.0127,0.2322,0.1939,9.6869,-1.5878,-1.0229,0.2137
1745320816.1188,0.2801,0.0311,9.7372,-1.7863,-0.8473,0.2977
1745320816.2250,0.2179,0.1796,9.6917,-1.5954,-1.0382,-1.9466
1745320816.3312,0.2897,0.1580,9.6534,-1.7099,-0.8550,0.3053
1745320816.4372,0.2442,0.2658,9.5600,-1.8015,-0.7557,0.3053
1745320816.5457,0.2346,0.3017,9.7085,-1.6641,-0.8779,0.2748
1745320816.6521,0.1293,0.1437,9.7420,-1.5573,-0.9237,0.2214
1745320816.7581,0.2945,0.1987,9.6798,-1.6489,-0.9237,0.2443
1745320816.8641,0.2873,0.1365,9.6654,-1.6260,-0.8779,0.1069
1745320816.9701,0.1891,0.1676,9.7157,-1.6641,-0.9313,0.3053
1745320817.0761,0.1508,0.1987,9.6702,-1.6336,-0.6947,0.2977
1745320817.1822,0.1748,0.1341,9.7276,-1.7023,-0.8702,0.3282
1745320817.2882,0.1844,0.0335,9.7588,-1.4351,-0.9924,0.1145
1745320817.3942,0.1173,0.1173,9.7923,-1.6870,-1.1145,0.2366
1745320817.5003,0.1676,0.1269,9.7181,-1.7786,-1.2595,0.2672
1745320817.6063,0.1484,0.1700,9.6319,-1.5344,-0.8244,0.2977
1745320817.7123,0.2490,0.1939,9.6798,-1.7405,-0.7634,0.2748
1745320817.8183,0.1772,0.2394,9.7516,-1.6794,-0.9924,1.9084
1745320817.9243,0.1556,0.1389,9.6774,-1.5878,-0.9160,0.3817
1745320818.0305,0.2586,0.2131,9.7037,-1.6183,-0.9924,-1.9466
1745320818.1390,0.1796,0.2059,9.6702,-1.6718,-0.8092,0.3053
1745320818.2470,0.2466,0.1269,9.6702,-1.4885,-1.0458,0.2824
1745320818.3531,0.0694,0.0359,9.7468,-1.7634,-0.9160,0.1908
1745320818.4592,0.2107,0.1556,9.7540,-1.7405,-0.9847,-0.0305
1745320818.5653,0.1724,0.1652,9.7157,-1.4962,-1.0840,0.0687
1745320818.6717,0.2203,0.1628,9.6606,-1.6260,-0.9618,-1.9160
1745320818.7777,0.2083,0.2179,9.8043,-1.6947,-1.0458,0.3053
1745320818.8837,0.1867,0.1939,9.7396,-1.6565,-0.8321,0.1221
1745320818.9898,0.2682,0.1556,9.6247,-1.7023,-0.8473,0.2290
1745320819.0958,0.2274,0.1389,9.7061,-1.6718,-0.6870,0.1221
1745320819.2018,0.2179,0.1652,9.7636,-1.6107,-0.8244,0.1756
1745320819.3079,0.1796,0.2274,9.7612,-1.7481,-0.9313,0.1145
1745320819.4139,0.2179,0.1987,9.6845,-1.6489,-0.7786,0.0916
1745320819.5199,0.2035,0.1724,9.6750,-1.5725,-0.9771,0.2290
1745320819.6260,0.0215,0.1867,9.6199,-1.7023,-1.0382,0.0153
1745320819.7320,0.1939,0.1580,9.7109,-1.5878,-1.0153,0.1908
1745320819.8380,0.1676,0.1676,9.6630,-1.6489,-0.8244,0.1832
1745320819.9440,0.2298,0.1748,9.7324,-1.5649,-1.0534,0.0000
1745320820.0501,0.2490,0.2131,9.7133,-1.7099,-0.8931,0.1298
1745320820.1561,0.2466,0.1341,9.7061,-1.6260,-0.7481,0.3282
1745320820.2621,0.1221,0.1365,9.6702,-1.5954,-0.9313,0.1145
1745320820.3682,0.2346,0.1939,9.6462,-1.5802,-1.0763,0.2824
1745320820.4742,0.1748,0.1748,9.6750,-1.7099,-0.9313,0.1908
1745320820.5803,0.1891,0.1652,9.6750,-1.5649,-0.8931,0.0992
1745320820.6863,0.1700,0.2035,9.7061,-1.5191,-0.8626,0.0000
1745320820.7932,0.1580,0.1652,9.7037,-1.7405,-0.9771,0.1527
1745320820.8993,0.1532,0.0982,9.7540,-1.7023,-1.1985,-1.9160
1745320821.0057,0.2227,0.1101,9.6103,-1.5420,-0.9084,-0.0611
1745320821.1130,0.2179,0.1987,9.7252,-1.6412,-1.0611,-1.9237
1745320821.2191,0.2562,0.1867,9.6869,-1.5420,-0.9847,-1.8779
1745320821.3252,0.2346,0.1508,9.6845,-1.7023,-0.9313,0.3588
1745320821.4313,0.1748,0.2634,9.7133,-1.5802,-0.8931,0.2214
1745320821.5373,0.1724,0.1867,9.6247,-1.8015,-1.0687,0.1679
1745320821.6434,0.1963,0.1748,9.6415,-1.5573,-0.9237,0.2977
1745320821.7498,0.2370,0.1915,9.6630,-1.6947,-1.0000,0.1985
1745320821.8560,0.1724,0.2155,9.7109,-1.8168,-1.0992,0.2443
1745320821.9621,0.1676,0.1245,9.6989,-1.6489,-0.7786,0.1450
1745320822.0682,0.2346,0.2849,9.6127,-1.7176,-0.8779,0.2901
1745320822.1742,0.2179,0.1652,9.7085,-1.6794,-0.9160,0.2443
1745320822.2802,0.2203,0.1508,9.5361,-1.6336,-0.7710,0.2595
1745320822.3862,0.1891,0.1652,9.6893,-1.6794,-0.7634,0.3664
1745320822.4923,0.2203,0.2179,9.6989,-1.5649,-1.0076,0.2214
1745320822.5983,0.2801,0.1772,9.7971,-1.7634,-0.9389,0.4122
1745320822.7043,0.2131,0.1963,9.7492,-1.7405,-0.8321,0.2137
1745320822.8104,0.1915,0.1460,9.6199,-1.7176,-0.8626,-1.9084
1745320822.9165,0.1939,0.2083,9.7348,-1.7634,-1.0534,0.2137
1745320823.0225,0.2035,0.0527,9.6007,-1.6947,-0.6565,0.2290
1745320823.1285,0.1556,0.1077,9.7372,-1.6641,-0.9160,0.1756
1745320823.2345,0.1987,0.1963,9.6965,-1.5420,-0.8168,0.3893
1745320823.3406,0.2729,0.1341,9.8306,-1.7099,-0.8015,0.3511
1745320823.4466,0.2059,0.1724,9.7229,-1.6031,-0.9160,0.3053
1745320823.5526,0.2179,0.0287,9.5960,-1.6260,-0.8855,0.4122
1745320823.6587,0.1915,0.2083,9.6917,-1.7786,-0.8931,0.0382
1745320823.7647,0.1772,0.1317,9.7157,-1.5115,-0.9008,0.3130
1745320823.8708,0.2155,0.1987,9.7061,-1.5878,-0.9847,0.3359
1745320823.9768,0.2227,0.1820,9.6845,-1.5725,-0.9542,0.2824
1745320824.0829,0.2322,0.2011,9.6558,-1.6336,-0.8855,0.1069
1745320824.1901,0.2083,0.0239,9.6750,-1.7023,-1.0000,0.1908
1745320824.2971,0.1891,0.1987,9.6319,-1.6412,-0.7634,0.0611
1745320824.4034,0.1700,0.1484,9.6654,-1.5954,-0.8931,-1.8855
1745320824.5106,0.2083,0.1724,9.7564,-1.6412,-0.9313,0.2443
1745320824.6167,0.2514,0.1532,9.7372,-1.7328,-0.7939,0.2443
1745320824.7232,0.1867,0.0000,9.6822,-1.6870,-0.9389,0.1298
1745320824.8295,0.1508,0.1556,9.7252,-1.6641,-1.1450,0.2137
1745320824.9357,0.2777,0.1173,9.6367,-1.6870,-0.6718,0.0076
1745320825.0426,0.1987,0.1173,9.6247,-1.6718,-0.8855,0.3206
1745320825.1512,0.2083,0.2514,9.7588,-1.5496,-0.9466,0.3435
1745320825.2572,0.2035,0.1173,9.6989,-1.6183,-0.8550,0.2977
1745320825.3632,0.2873,0.1269,9.7013,-1.6336,-0.8321,0.3511
1745320825.4692,0.2514,0.1891,9.7444,-1.6183,-0.8092,0.1679
1745320825.5753,0.1748,0.2035,9.7229,-1.6794,-0.9847,0.3053
1745320825.6813,0.2251,0.1844,9.7252,-1.5344,-0.9847,0.2366
1745320825.7873,0.1676,0.1700,9.7229,-1.6183,-0.9160,0.5344
1745320825.8933,0.2418,0.1604,9.6702,-1.7176,-0.8626,0.2137
1745320825.9994,0.1820,0.2825,9.6438,-1.6870,-0.7481,-0.1221
1745320826.1054,0.0287,0.1820,9.7396,-1.6260,-0.8550,0.1985
1745320826.2114,0.2011,0.1460,9.7683,-1.7328,-1.0534,0.5115
1745320826.3175,0.2059,0.2083,9.7444,-1.8168,-0.8168,0.0305
1745320826.4235,0.2562,0.1724,9.6654,-1.6641,-0.8779,0.2977
1745320826.5296,0.2777,0.3041,9.5170,-1.7634,-1.0076,0.1145
1745320826.6356,0.2274,0.2035,9.6367,-1.6947,-0.8626,0.1603
1745320826.7417,0.2418,0.2083,9.6630,-1.5115,-0.9389,0.3588
1745320826.8478,0.1724,0.1915,9.7755,-1.6718,-1.0763,0.3664
1745320826.9538,0.2011,0.0048,9.6750,-1.6947,-0.8244,0.2824
1745320827.0599,0.2011,0.1820,9.7157,-1.6183,-0.7863,0.3282
1745320827.1676,0.1437,0.2179,9.7157,-1.5344,-0.8931,0.2519
1745320827.2740,0.2274,0.1915,9.7659,-1.6565,-0.8779,0.2290
1745320827.3802,0.2011,0.1604,9.7348,-1.6412,-0.8931,-1.8168
1745320827.4862,0.2298,0.1676,9.7229,-1.5420,-0.7863,0.2977
1745320827.5922,0.2658,0.1772,9.6702,-1.5496,-0.8168,0.1908
1745320827.6982,0.2682,0.1891,9.6415,-1.8397,-0.9084,0.1603
1745320827.8043,0.1652,0.2083,9.7157,-1.6641,-0.8015,0.2977
1745320827.9104,0.1820,0.1987,9.6750,-1.7405,-1.0687,0.1985
1745320828.0164,0.1987,0.1173,9.6534,-1.7252,-0.8855,0.1908
1745320828.1225,0.2083,0.1915,9.7731,-1.6031,-0.9695,0.2519
1745320828.2285,0.1796,0.1652,9.8138,-1.5878,-1.3359,0.1832
1745320828.3345,0.1700,0.1628,9.7013,-1.5954,-0.9389,-1.7405
1745320828.4405,0.2825,0.1484,9.6247,-1.6031,-0.9847,-1.9008
1745320828.5465,0.1772,0.1437,9.7851,-1.6107,-0.9466,0.1221
1745320828.6526,0.2298,0.2346,9.5265,-1.5725,-0.9618,0.4046
1745320828.7586,0.2083,0.1101,9.7324,-1.5191,-0.8931,1.9313
1745320828.8646,0.2466,0.1844,9.6989,-1.8321,-0.9160,0.2061
1745320828.9707,0.2131,0.2969,9.7492,-1.7557,-1.0076,0.1298
1745320829.0767,0.1963,0.1676,9.7133,-1.5420,-1.1603,0.2443
1745320829.1828,0.2203,0.2179,9.6678,-1.5802,-1.0382,0.1679
1745320829.2888,0.1748,0.1484,9.7229,-1.6565,-0.8473,0.0534
1745320829.3948,0.2203,0.0120,9.7707,-1.5802,-0.9160,0.0840
1745320829.5008,0.1796,0.2083,9.7085,-1.6260,-0.9847,-1.9313
1745320829.6069,0.2682,0.1532,9.7252,-1.6031,-0.9847,0.3969
1745320829.7129,0.1891,0.2083,9.6798,-1.5573,-1.1069,0.2137
1745320829.8189,0.2011,0.0024,9.6247,-1.6641,-0.8626,0.0916
1745320829.9250,0.2562,0.1508,9.7779,-1.8015,-0.7405,0.1679
1745320830.0327,0.2442,0.2059,9.6798,-1.6641,-0.9847,0.3664
1745320830.1415,0.2059,0.1987,9.6558,-1.6565,-0.9008,0.2519
1745320830.2476,0.1580,0.1772,9.7181,-1.5878,-0.8397,0.1145
1745320830.3537,0.2442,0.1245,9.6774,-1.6718,-0.8626,0.2748
1745320830.4600,0.1867,0.2322,9.6989,-1.6260,-0.9771,0.2214
1745320830.5664,0.2370,0.1987,9.7612,-1.8015,-0.7557,0.1908
1745320830.6726,0.2466,0.1652,9.6702,-1.7328,-0.9618,0.0076
1745320830.7789,0.2083,0.1915,9.6941,-1.7328,-0.9008,0.1679
1745320830.8872,0.2298,0.1628,9.6510,-1.5954,-1.0763,0.2901
1745320830.9932,0.2107,0.1891,9.7013,-1.5878,-0.9160,0.3511
1745320831.0993,0.1963,0.1604,9.6151,-1.6565,-0.8473,0.3359
1745320831.2053,0.2945,0.3041,9.7324,-1.6718,-0.8321,0.0076
1745320831.3114,0.2729,0.2969,9.5888,-1.7023,-0.9924,0.1603
1745320831.4174,0.1939,0.1891,9.7444,-1.5496,-0.9542,0.0916
1745320831.5234,0.0862,0.1508,9.6917,-1.6183,-0.8397,0.0305
1745320831.6294,0.1844,0.1269,9.7947,-1.5878,-1.1298,0.1527
1745320831.7355,0.2634,0.1437,9.7013,-1.7328,-1.1603,0.0992
1745320831.8415,0.1939,0.1580,9.6175,-1.5649,-0.7863,0.0840
1745320831.9475,0.1963,0.1652,9.7276,-1.5649,-0.9466,0.0992
1745320832.0536,0.1939,0.2131,9.7181,-1.6489,-0.8931,0.0229
1745320832.1597,0.1628,0.1580,9.5744,-1.5496,-0.9313,0.1679
1745320832.2657,0.2442,0.2203,9.7324,-1.6489,-0.9847,1.8702
1745320832.3717,0.1939,0.1796,9.7013,-1.6794,-0.9160,0.1832
1745320832.4777,0.2203,0.1628,9.5888,-1.6260,-0.8321,0.0611
1745320832.5838,0.1915,0.2155,9.7252,-1.6641,-0.8550,0.1679
1745320832.6899,0.1844,0.1580,9.7133,-1.7023,-1.0305,0.0611
1745320832.7959,0.2490,0.2370,9.7229,-1.7023,-1.0076,0.2901
1745320832.9020,0.2969,0.1652,9.7444,-1.6641,-0.8321,0.0000
1745320833.0080,0.2227,0.1389,9.6678,-1.7481,-0.9389,0.1221
1745320833.1141,0.1413,0.1628,9.7252,-1.6260,-0.8168,0.2137
1745320833.2202,0.2825,0.1556,9.6917,-1.6718,-0.8550,0.4885
1745320833.3270,0.2490,0.1077,9.7109,-1.6641,-0.9771,0.1221
1745320833.4333,0.1987,0.1604,9.7085,-1.6260,-0.8397,0.1069
1745320833.5395,0.3903,0.1772,9.6438,-1.5496,-0.9618,0.1145
1745320833.6456,0.2251,0.1748,9.6893,-1.6718,-0.9466,0.2595
1745320833.7517,0.2155,0.0958,9.7947,-1.6947,-0.9389,1.9466
1745320833.8584,0.2131,0.2035,9.7492,-1.7328,-1.0153,0.1221
1745320833.9651,0.1652,0.1915,9.7492,-1.6565,-0.8092,0.1298
1745320834.0725,0.2035,0.1628,9.6989,-1.6183,-0.8702,0.1069
1745320834.1834,0.1628,0.2274,9.7181,-1.5344,-1.1221,-0.0534
1745320834.2895,0.1532,0.1939,9.7324,-1.7099,-1.1221,0.1527
1745320834.3955,0.1820,0.1915,9.7636,-1.6565,-1.0763,0.1450
1745320834.5015,0.1891,0.1604,9.6965,-1.6641,-0.8244,0.2977
1745320834.6076,0.2466,0.3041,9.6750,-1.6718,-0.7939,0.2214
1745320834.7136,0.2155,0.1293,9.6917,-1.5878,-1.0534,0.1832
1745320834.8196,0.2155,0.1389,9.7731,-1.7176,-0.9847,0.2901
1745320834.9256,0.2322,0.1939,9.6893,-1.6947,-0.7710,-1.9084
1745320835.0316,0.1628,0.0096,9.7420,-1.7023,-0.9847,0.1908
1745320835.1377,0.2179,0.2059,9.6462,-1.7023,-0.8397,0.3893
1745320835.2437,0.0838,0.1939,9.7683,-1.5115,-1.1756,0.2595
1745320835.3497,0.1556,0.2203,9.7348,-1.6412,-0.9160,0.2977
1745320835.4557,0.2993,0.1532,9.6319,-1.6718,-0.8015,0.1908
1745320835.5618,0.1676,0.1915,9.6869,-1.8244,-0.6489,0.1985
1745320835.6678,0.2251,0.1724,9.7588,-1.5649,-0.8015,0.2748
1745320835.7738,0.1580,0.1915,9.6127,-1.5344,-0.9542,0.3511
1745320835.8799,0.2298,0.1652,9.6917,-1.7710,-0.8168,0.3893
1745320835.9859,0.1532,0.1796,9.7779,-1.6641,-0.9771,0.2901
1745320836.0919,0.1796,0.1173,9.6989,-1.6412,-0.9542,0.1298
1745320836.1979,0.2394,0.2179,9.7013,-1.7023,-0.9008,0.2061
1745320836.3040,0.0168,0.1556,9.7827,-1.7252,-1.0534,0.1985
1745320836.4100,0.1867,0.2035,9.6989,-1.7481,-0.7863,0.1908
1745320836.5161,0.2131,0.1987,9.5313,-1.8168,-0.9237,-1.9160
1745320836.6222,0.2083,0.1652,9.6223,-1.4351,-0.9084,1.9466
1745320836.7302,0.2514,0.1891,9.6031,-1.8931,-0.8550,0.1908
1745320836.8363,0.0215,0.1700,9.7396,-1.7099,-0.9084,0.1374
1745320836.9425,0.2993,0.1245,9.7492,-1.6412,-0.9618,0.3053
1745320837.0487,0.1604,0.2634,9.6654,-1.5802,-1.0611,0.1908
1745320837.1548,0.1987,0.1724,9.7468,-1.6794,-0.9389,0.0992
1745320837.2609,0.2442,0.1700,9.6726,-1.8702,-0.8168,0.0840
1745320837.3677,0.1580,0.0622,9.7731,-1.6794,-0.9618,0.2214
1745320837.4737,0.2969,0.1556,9.6798,-1.7634,-0.8931,0.0458
1745320837.5798,0.2203,0.1532,9.7013,-1.7023,-0.9389,0.2214
1745320837.6858,0.0431,0.1772,9.6917,-1.6107,-0.7405,0.0229
1745320837.7918,0.2873,0.1460,9.6678,-1.7939,-0.9008,0.0687
1745320837.8979,0.2011,0.1939,9.6989,-1.4809,-0.9160,0.2443
1745320838.0039,0.2274,0.1460,9.7229,-1.6107,-0.8931,-0.0305
1745320838.1099,0.2442,0.1532,9.6869,-1.5878,-0.9466,0.1221
1745320838.2159,0.2442,0.1676,9.7659,-1.6489,-0.8931,0.2366
1745320838.3220,0.1460,0.1820,9.7779,-1.7252,-0.9771,0.1298
1745320838.4280,0.1508,0.2155,9.6415,-1.5420,-1.1832,0.2137
1745320838.5340,0.2035,0.1508,9.6654,-1.4885,-1.1298,0.1221
1745320838.6400,0.2227,0.1460,9.8019,-1.7252,-1.0076,-1.8702
1745320838.7461,0.2059,0.1269,9.6127,-1.6565,-0.7710,0.2214
1745320838.8521,0.1532,0.1604,9.6726,-1.6489,-0.9847,0.1832
1745320838.9583,0.1772,0.1724,9.7396,-1.5115,-1.0611,0.2672
1745320839.0645,0.2274,0.1580,9.6941,-1.5649,-0.9695,0.3206
1745320839.1734,0.2107,0.1820,9.7157,-1.7176,-1.0534,0.2595
1745320839.2822,0.2538,0.1341,9.7205,-1.6565,-1.0534,0.1756
1745320839.3891,0.2131,0.1748,9.5912,-1.6412,-0.7099,-1.9008
1745320839.4982,0.1556,0.0072,9.6917,-1.6489,-0.9084,0.3817
1745320839.6043,0.1652,0.2059,9.5529,-1.5496,-0.8244,0.2748
1745320839.7105,0.2011,0.1987,9.6271,-1.5573,-0.8855,0.1679
1745320839.8166,0.1963,0.1963,9.7779,-1.6794,-0.9466,0.0153
1745320839.9227,0.1484,0.1413,9.7300,-1.6336,-0.8855,0.2519
1745320840.0292,0.1580,0.1724,9.6702,-1.6031,-0.6718,0.1527
1745320840.1356,0.2490,0.1652,9.7683,-1.6870,-0.9160,0.2824
1745320840.2417,0.1939,0.1628,9.6486,-1.6641,-0.8779,0.0534
1745320840.3477,0.2394,0.1700,9.6175,-1.7405,-0.9771,0.4122
1745320840.4537,0.3017,0.1724,9.7324,-1.6336,-1.0534,0.3969
1745320840.5598,0.1580,0.1556,9.7396,-1.7405,-0.7939,0.1374
1745320840.6658,0.1987,0.1125,9.6486,-1.6947,-0.9084,0.1756
1745320840.7718,0.2634,0.1341,9.7037,-1.7710,-0.9924,0.2595
1745320840.8779,0.2011,0.1939,9.7971,-1.6107,-0.8092,0.1527
1745320840.9839,0.1796,0.1341,9.6654,-1.5878,-0.9008,0.0000
1745320841.0899,0.2227,0.2203,9.6702,-1.5878,-0.9313,0.1450
1745320841.1960,0.2658,0.1508,9.7372,-1.8015,-0.9618,0.3282
1745320841.3020,0.2203,0.1628,9.7276,-1.7328,-0.6641,0.0687
1745320841.4080,0.2801,0.1149,9.6869,-1.6183,-0.7634,0.0229
1745320841.5141,0.2682,0.2777,9.5840,-1.6718,-0.6565,0.1145
1745320841.6201,0.1293,0.1939,9.6965,-1.5878,-0.7557,0.0611
1745320841.7262,0.2035,0.1939,9.7564,-1.7328,-1.1145,0.1603
1745320841.8322,0.2083,0.2586,9.6295,-1.6489,-0.6947,0.2290
1745320841.9383,0.1915,0.1867,9.6534,-1.6870,-0.8321,0.4122
1745320842.0443,0.1820,0.1221,9.7971,-1.4046,-1.0000,0.1145
1745320842.1504,0.2729,0.1580,9.7157,-1.6641,-0.8244,0.0076
1745320842.2565,0.2274,0.2083,9.6774,-1.7328,-0.8931,0.1985
1745320842.3626,0.2227,0.1844,9.7516,-1.6870,-1.0076,0.4046
1745320842.4688,0.2227,0.1700,9.6845,-1.7176,-0.9618,0.3511
1745320842.5748,0.2394,0.2155,9.7707,-1.8015,-0.7939,-1.8473
1745320842.6808,0.0072,0.0000,9.6151,-1.5267,-0.8321,0.3282
1745320842.7869,0.1604,0.1389,9.7899,-1.5344,-0.9313,0.2672
1745320842.8930,0.2035,0.3711,9.6391,-1.7481,-0.8779,0.0687
1745320843.0002,0.3208,0.1125,9.5960,-1.7023,-0.6947,0.1832
1745320843.1063,0.1604,0.1221,9.8043,-1.7023,-1.2366,0.4656
1745320843.2123,0.2777,0.1724,9.7276,-1.5725,-1.0382,0.0840
1745320843.3183,0.2777,0.1820,9.9000,-1.5496,-1.1069,0.1679
1745320843.4244,0.1867,0.1891,9.5433,-1.5420,-0.6031,1.9466
1745320843.5304,0.2179,0.2179,9.6678,-2.0153,-0.9542,0.1374
1745320843.6365,0.2969,0.0096,9.9311,-1.7023,-0.9008,-1.9389
1745320843.7425,0.1700,0.1365,9.7683,-1.5725,-1.0458,0.4962
1745320843.8485,0.1963,0.1556,9.9431,-1.6031,-1.3282,0.1145
1745320843.9546,0.1628,0.2179,9.7252,-1.7023,-0.9542,0.1298
1745320844.0606,0.2490,0.1748,9.5696,-1.6412,-0.9389,0.2824
1745320844.1666,0.1748,0.1245,9.8881,-1.3130,-1.2137,0.2519
1745320844.2727,0.2298,0.2107,9.6510,-1.5496,-0.6412,0.0153
1745320844.3787,0.2969,0.2945,9.8593,-1.4580,-0.8244,0.0458
1745320844.4847,0.1820,0.1915,9.8785,-1.5573,-3.8855,0.1603
1745320844.5908,0.1532,0.1532,9.6582,-1.5344,-1.0534,0.1832
1745320844.6968,0.2705,0.2155,9.5888,-1.6794,-0.9695,0.0840
1745320844.8029,0.2538,0.2969,9.6295,-1.7863,-0.7405,1.9466
1745320844.9089,0.1963,0.1532,9.9240,-1.4198,-1.6947,0.0916
1745320845.0150,0.3041,0.1820,9.8210,-1.5878,-1.0000,0.3817
1745320845.1227,0.2825,0.2203,9.5170,-1.5191,-0.3130,0.0382
1745320845.2289,0.2705,0.0718,9.6630,-1.7176,-0.3969,0.0382
1745320845.3352,0.0622,0.2227,9.8569,-1.2137,-1.3053,0.1985
1745320845.4417,0.1891,0.1604,9.8761,-1.5115,-0.9389,0.2290
1745320845.5482,0.2562,0.1580,9.5385,-1.6107,-0.8550,1.8702
1745320845.6546,0.1676,0.1915,9.5553,-1.4962,-0.7939,0.1298
1745320845.7606,0.2083,0.1939,9.7995,-1.7786,-1.1069,0.1145
1745320845.8667,0.0694,0.0335,10.1514,-1.0534,-2.0763,0.2977
1745320845.9727,0.2610,0.2274,9.3733,-1.7710,-0.5802,0.0382
1745320846.0787,0.2610,0.2418,9.4715,-2.2137,-0.6565,0.1298
1745320846.1848,0.1293,0.1006,9.7827,-1.5191,-1.1832,0.3817
1745320846.2908,0.3256,0.2155,9.7324,-1.7634,-0.8168,0.0916
1745320846.3968,0.1963,0.2179,9.5193,-3.8931,-1.0382,0.2061
1745320846.5028,0.1867,0.1700,9.7540,-1.6641,-1.0534,0.2519
1745320846.6088,0.1796,0.1532,9.5936,-1.5649,-0.4885,0.2214
1745320846.7148,0.2897,0.1293,9.9024,-1.2748,-1.3130,0.2443
1745320846.8209,0.0886,0.2131,9.6702,-1.1756,-0.7023,0.3282
1745320846.9269,0.1293,0.1891,9.6510,-1.5038,-0.8626,0.1527
1745320847.0330,0.1341,0.0790,9.9359,-1.4885,-0.8015,0.1527
1745320847.1390,-0.0455,0.1173,9.9790,-1.3359,-2.3130,0.5725
1745320847.2451,0.2418,0.4405,9.6558,-1.5878,-0.9924,0.3893
1745320847.3522,0.2729,0.1724,9.7205,-1.9084,-0.9542,0.3053
1745320847.4595,0.1891,0.1676,9.5193,-1.6641,-1.1603,0.0153
1745320847.5703,0.3017,0.2562,9.6175,-1.6031,-0.9237,0.2061
1745320847.6782,0.2298,0.1867,9.7516,-1.7863,-0.8550,0.2061
1745320847.7843,0.2059,0.1221,9.7492,-1.6947,-1.1832,0.2137
1745320847.8904,0.2729,0.2011,9.6343,-1.6183,-0.7481,0.3435
1745320847.9964,0.2251,0.1700,9.7564,-1.6947,-1.0611,0.1756
1745320848.1027,0.2011,0.2059,9.5672,-1.6336,-0.7710,0.1832
1745320848.2093,0.1772,0.1772,9.6175,-1.7176,-1.2061,-1.8092
1745320848.3155,0.1844,0.2107,9.7133,-2.1298,-1.5267,0.2748
1745320848.4223,0.1269,0.1413,9.6534,-1.8550,-1.2061,0.0687
1745320848.5283,0.1652,0.1580,9.6438,-1.7481,-0.7939,0.0534
1745320848.6343,0.2682,0.2251,9.5577,-1.7252,-0.7405,0.3359
1745320848.7404,0.1939,0.2059,9.7683,-1.5115,-1.0534,0.0763
1745320848.8464,0.2993,0.1173,9.6822,-1.6718,-1.0382,0.3435
1745320848.9524,0.1724,0.1724,9.7324,-1.6870,-0.8397,0.1832
1745320849.0584,-0.0934,0.6656,9.6630,-1.5115,-1.1756,0.5420
1745320849.1645,0.3711,0.0072,9.7061,-1.7023,-0.6031,0.4198
1745320849.2705,0.1772,0.2514,9.6367,-1.8473,-1.0000,0.3053
1745320849.3765,0.1915,0.1700,9.6582,-1.7023,-0.9389,0.3359
1745320849.4826,0.2083,0.1173,9.9168,-1.6183,-0.9695,0.1756
1745320849.5886,0.1987,0.2131,9.8019,-1.7252,-0.8626,-1.8779
1745320849.6946,0.2011,0.2346,9.7085,-1.6183,-1.0229,-1.9313
1745320849.8006,0.2586,0.1365,9.7803,-1.5954,-0.8092,0.2748
1745320849.9067,0.2634,0.2993,9.6726,-1.6565,-0.8779,0.3282
1745320850.0127,0.2011,0.2179,9.5505,-1.6489,-0.8779,0.4504
1745320850.1187,0.2370,0.1772,9.6989,-1.5954,-0.7176,0.4122
1745320850.2248,0.1580,0.1772,9.7085,-1.4427,-1.1145,0.2824
1745320850.3310,0.2921,0.1700,9.7013,-1.6183,-0.7176,-1.8779
1745320850.4371,0.1676,0.1891,9.7803,-1.5725,-0.8321,1.9237
1745320850.5432,0.2394,0.1556,9.6869,-1.5649,-0.8702,0.0534
1745320850.6493,0.2179,0.1748,9.7300,-1.7176,-0.9542,0.0763
1745320850.7553,0.1724,0.1484,9.7899,-1.7099,-0.8855,0.4122
1745320850.8674,0.2873,0.1676,9.6917,-1.5573,-1.0153,0.1832
1745320850.9734,0.2777,0.0192,9.5217,-1.6870,-0.9008,0.2366
1745320851.0795,0.2155,0.0958,9.7109,-1.6489,-0.9237,0.0687
1745320851.1855,0.1939,0.1365,9.6726,-1.6641,-1.0763,0.1527
1745320851.2915,0.2394,0.1820,9.6343,-1.7405,-0.8473,0.1832
1745320851.3975,0.1676,0.0168,9.7276,-1.6641,-1.0458,0.1679
1745320851.5036,0.2442,0.2083,9.6893,-1.5802,-0.8092,0.2214
1745320851.6096,0.1891,0.1604,9.6774,-1.6947,-0.9008,0.1374
1745320851.7156,0.1963,0.2945,9.7061,-1.8397,-1.0534,0.1374
1745320851.8216,0.1844,0.0072,9.6822,-1.6565,-0.6641,0.1908
1745320851.9276,0.2777,0.1580,9.7037,-1.5038,-1.0458,0.0000
1745320852.0336,0.2610,0.1844,9.6295,-1.7176,-0.9160,0.1527
1745320852.1397,0.2155,0.0287,9.6702,-1.6947,-0.8321,0.0916
1745320852.2457,0.2035,0.2107,9.7037,-1.5954,-0.9084,0.1069
1745320852.3517,0.2298,0.2274,9.7109,-1.7405,-0.8779,0.1298
1745320852.4577,0.1293,0.1053,9.7181,-1.6947,-1.0229,0.2137
1745320852.5638,0.3687,0.2418,9.2201,-1.9389,-0.0229,-0.2061
1745320852.6698,0.1221,0.0024,9.7779,-1.5496,-1.3740,0.0687
1745320852.7758,0.2227,0.0120,9.7731,-1.4351,-1.0687,0.2290
1745320852.8819,0.3424,0.1101,9.6199,-1.8168,-1.0763,0.0382
1745320852.9880,0.0431,0.1125,9.9192,-1.6641,-1.0229,0.1298
1745320853.0940,0.2131,0.1915,9.7229,-1.5649,-1.0458,0.3130
1745320853.2001,0.2777,0.2011,9.7133,-1.8168,-0.7176,0.1145
1745320853.3064,0.2107,0.0048,9.6223,-1.6260,-1.0534,0.2290
1745320853.4128,0.1532,0.1317,9.7659,-1.6641,-0.8702,-0.1450
1745320853.5188,0.2059,0.2274,9.6989,-1.7099,-0.7481,0.1298
1745320853.6249,0.1915,0.1772,9.5912,-1.7939,-1.0763,0.3511
1745320853.7309,0.1963,0.0024,9.5600,-1.7252,-1.1374,0.0382
1745320853.8370,0.1508,0.0622,9.8545,-1.4427,-1.1756,0.0534
1745320853.9430,0.3567,0.1939,9.2320,-1.8550,-1.9237,0.0687
1745320854.0490,0.1987,0.0766,9.8330,-1.7481,-1.4809,0.3740
1745320854.1550,0.2586,0.0982,9.6055,-1.8779,-0.4962,-0.1374
1745320854.2610,0.1796,0.3735,9.7492,-1.5573,-1.0534,0.3359
1745320854.3671,0.2227,0.1006,10.2448,-1.4962,-2.2672,0.3588
1745320854.4731,0.0862,0.2729,9.5696,-2.0076,-1.2443,0.0534
1745320854.5791,0.3448,0.2227,9.7731,-1.5802,-1.1756,0.3206
1745320854.6852,0.2538,0.1293,9.5241,-0.0076,-0.4427,-1.8626
1745320854.7912,0.4166,0.0742,8.9807,-2.0840,0.4122,0.1908
1745320854.8972,0.4142,0.2322,9.6726,-1.6031,-0.6565,0.4809
1745320855.0032,0.1987,0.2538,9.6103,-1.4427,-1.0840,0.2290
1745320855.1092,0.1006,0.0455,9.8354,-1.6947,-1.0611,0.3969
1745320855.2153,0.2562,0.1508,9.4571,-1.6718,-0.8702,-1.7710
1745320855.3213,0.3543,0.1532,9.4332,-1.7328,-0.1298,0.2443
1745320855.4302,0.1891,0.1365,9.5313,-1.7023,-0.5344,1.9313
1745320855.5365,0.1508,0.1676,9.7612,-1.3893,-1.3130,0.1832
