Timestamp,Ax(m/s^2),Ay(m/s^2),Az(m/s^2),Gx(deg/s),Gy(deg/s),Gz(deg/s)
1745410583.3138,-0.4453,-0.1604,9.4044,-2.7405,0.5802,0.1603
1745410583.4198,-0.6752,-0.3448,9.9575,-1.2061,-1.3969,0.3511
1745410583.5269,-0.6345,-0.3065,10.0365,-1.9008,-0.7481,0.2290
1745410583.6361,-0.4501,-0.2083,9.6175,-2.4885,0.3359,0.3206
1745410583.7446,-0.8404,-0.3184,10.0963,-1.8015,-1.8168,0.1527
1745410583.8506,-0.5842,-0.3448,9.7013,-2.1374,-1.9389,0.5649
1745410583.9565,-0.6009,-0.1149,9.2057,-0.1298,-0.8779,0.2443
1745410584.0625,-0.8045,-0.3998,10.3094,-1.6336,-0.4733,0.4275
1745410584.1685,-0.5578,-0.2274,9.7707,-1.9389,-0.1908,0.3817
1745410584.2744,-0.8763,-0.3855,9.8043,-1.5573,-1.5878,0.4046
1745410584.3805,-0.6752,-0.1101,9.5337,-2.8015,-0.0611,1.9237
1745410584.4864,-0.7638,-0.3472,9.8976,-1.6031,-1.4275,0.5344
1745410584.5924,-0.7398,-0.2969,9.8234,-2.2443,-0.4046,0.3969
1745410584.6984,-0.7374,-0.2370,9.8186,-1.4885,-1.4504,0.2214
1745410584.8043,-0.6632,-0.1867,9.9958,-2.3359,0.0153,0.3893
1745410584.9103,-0.7709,-0.3376,9.7707,-1.3359,-2.1832,0.2748
1745410585.0163,-0.3328,-0.1293,9.0668,-2.7328,0.9542,0.1298
1745410585.1222,-0.9002,-0.3543,10.2448,-1.6260,-1.6641,0.3130
1745410585.2282,-0.4956,-0.2538,9.1746,-2.4885,0.5802,0.2061
1745410585.3342,-0.8140,-0.3184,9.9240,-1.6641,-1.1756,0.3511
1745410585.4402,-0.5962,-0.1915,9.6415,-2.2214,-0.4351,0.3969
1745410585.5462,-0.6991,-0.2586,9.8474,-2.6870,-0.4504,0.1985
1745410585.6522,-0.6369,-0.4549,9.8402,-1.4198,-1.5344,0.2595
1745410585.7581,-0.6225,-0.1820,9.2656,-1.9237,-0.3817,0.2519
1745410585.8641,-0.5315,-0.2586,9.7540,-2.3893,-0.3664,0.0916
1745410585.9701,-0.7853,-0.3591,9.9048,-1.9084,-1.4962,0.1756
1745410586.0761,-0.6680,-0.3280,9.4954,-1.7939,-1.2595,0.5802
1745410586.1820,-0.6273,-0.1173,9.1746,-2.1145,-0.5878,0.2595
1745410586.2880,-0.4812,-0.2729,10.2615,-1.9008,0.1985,0.4275
1745410586.3940,-0.8116,-0.3879,10.2687,-1.7481,-1.1832,0.2748
1745410586.5001,-0.6153,-0.2634,9.5074,-3.8931,-1.0840,0.3053
1745410586.6061,-0.6776,-0.2370,9.3015,-2.3664,-0.9542,0.2137
1745410586.7121,-0.5219,-0.2801,9.5505,-2.0534,0.1374,0.1603
1745410586.8182,-0.6919,-0.2179,9.5505,-1.7786,-0.6489,0.1603
1745410586.9277,-0.7590,-0.3400,9.4140,-2.1756,-0.6183,0.2824
1745410587.0339,-0.6009,-0.3232,10.3956,-1.8244,-0.2290,0.1450
1745410587.1399,-0.7733,-0.4238,10.2855,-1.7481,-1.2137,0.3282
1745410587.2459,-0.7661,-0.3926,9.6678,-1.9084,-0.1908,0.3588
1745410587.3520,-0.6536,-0.1772,9.1937,-2.5191,-0.6107,0.4122
1745410587.4580,-0.6129,-0.3065,9.6726,-2.4504,-0.6107,0.4580
1745410587.5671,-0.6943,-0.3974,9.7540,-1.9084,-1.0840,0.3130
1745410587.6731,-0.6129,-0.2682,9.5050,-2.0992,-0.3282,0.2901
1745410587.7791,-0.6321,-0.2370,10.0173,-2.1679,-0.3664,0.2748
1745410587.8851,-0.6105,-0.3112,9.6726,-2.2519,-0.4351,0.1221
1745410587.9911,-0.7087,-0.2274,9.2991,-2.1832,-1.0305,0.2901
1745410588.0972,-0.5459,-0.3759,9.3134,-2.0153,-0.4656,0.2901
1745410588.2032,-0.7781,-0.2753,10.0772,-2.0076,-0.8015,0.3511
1745410588.3092,-0.6249,-0.4669,10.0868,-1.8168,-0.6794,0.5267
1745410588.4152,-0.7590,-0.3567,9.6606,-1.8855,-0.6412,0.3588
1745410588.5213,-0.5722,-0.2298,9.4619,-0.0534,-0.5802,0.2061
1745410588.6276,-0.8284,-0.2298,10.1873,-1.8168,-0.7405,0.2366
1745410588.7338,-0.6369,-0.4070,10.1682,-1.6336,-0.7176,0.4580
1745410588.8401,-0.7015,-0.2155,9.4547,-2.5573,-0.7786,0.3206
1745410588.9463,-0.5746,-0.2801,9.3685,-2.0763,-0.5878,0.0840
1745410589.0523,-0.6967,-0.3376,10.3118,-1.7786,-0.5267,0.1985
1745410589.1595,-0.5914,-0.4621,10.1897,-1.5649,-0.5802,0.4656
1745410589.2657,-0.6153,-0.2753,9.9599,-1.5420,-0.6183,0.3664
1745410589.3719,-0.5842,-0.2466,9.2416,-2.9008,-0.7176,0.4427
1745410589.4818,-0.7326,-0.2274,9.8689,-2.1908,-0.5496,0.1603
1745410589.5883,-0.6776,-0.3998,9.6438,-1.7099,-1.1298,0.4122
1745410589.6944,-0.8763,-0.3807,9.9503,-1.7481,-0.8092,0.4351
1745410589.8004,-0.5770,-0.3280,9.6606,-2.2519,-0.1527,0.3969
1745410589.9064,-0.7111,-0.2370,9.8881,-2.1145,-1.0458,0.2061
1745410590.0125,-0.4693,-0.3663,9.0668,-2.2137,-0.7634,0.3817
1745410590.1185,-0.6369,-0.1580,9.3685,-2.2901,-0.8626,0.2214
1745410590.2245,-0.5531,-0.2825,9.9503,-2.1450,-0.3282,0.2290
1745410590.3305,-0.7925,-0.3903,10.2544,-1.6794,-1.3511,0.3053
1745410590.4365,-0.6488,-0.3112,9.3494,-2.1145,-0.8015,0.2672
1745410590.5425,-0.7518,-0.1987,9.4236,-2.2214,-0.7863,0.5344
1745410590.6485,-0.6345,-0.1891,10.0772,-3.9084,-0.3588,0.0763
1745410590.7545,-0.6991,-0.1676,10.0078,-1.9924,-1.0840,0.2824
1745410590.8605,-0.5914,-0.3424,9.3158,-2.0992,-0.7481,0.3893
1745410590.9665,-0.8811,-0.1915,9.5050,-2.1450,-1.0153,0.3588
1745410591.0726,-0.5507,-0.3376,9.7971,-2.2824,-0.5038,0.2443
1745410591.1788,-0.6488,-0.1939,10.0221,-2.2672,-0.8473,0.2901
1745410591.2877,-0.6416,-0.3831,9.4116,-2.2214,-1.0534,0.2977
1745410591.3940,-0.6871,-0.1891,9.4188,-2.2519,-1.1298,0.1908
1745410591.5028,-0.6560,-0.3208,9.7875,-2.2748,-0.6718,0.0992
1745410591.6104,-0.8547,-0.2705,10.0533,-1.4122,-0.8473,0.4427
1745410591.7165,-0.5219,-0.3065,9.4523,-2.4351,-0.9542,0.1527
1745410591.8225,-0.6967,-0.2059,9.3518,-2.1221,-0.8244,0.3969
1745410591.9314,-0.6153,-0.3352,9.8976,-1.9389,-0.4656,0.4962
1745410592.0380,-0.7733,-0.3639,10.1275,-1.6489,-1.1298,0.3511
1745410592.1441,-0.6273,-0.3519,9.6247,-1.7710,-0.4504,0.4580
1745410592.2501,-0.7518,-0.0239,9.2464,-2.7405,-0.8168,0.4198
1745410592.3561,-0.6081,-0.3304,9.7875,-0.0229,-0.4962,0.4046
1745410592.4621,-0.7614,-0.3448,9.9455,-1.7939,-1.1985,0.4656
1745410592.5682,-0.4764,-0.3687,9.6869,-3.8779,-0.4198,0.0534
1745410592.6742,-0.6728,-0.1293,9.2823,-1.9924,-1.0534,0.2443
1745410592.7802,-0.6057,-0.2131,9.6103,-2.1298,-0.0687,0.2366
1745410592.8863,-0.6943,-0.4405,10.3453,-1.5115,-1.2137,0.3130
1745410592.9923,-0.5866,-0.3543,9.4475,-2.2443,-0.2290,0.2824
1745410593.0983,-0.8332,-0.1772,9.7588,-1.5954,-1.2519,0.2977
1745410593.2044,-0.5219,-0.2753,9.8761,-2.0687,-0.1374,0.5344
1745410593.3104,-0.6416,-0.2035,9.8809,-2.3435,-0.5878,0.1450
1745410593.4164,-0.5914,-0.2346,9.6702,-1.5038,-0.5038,0.2824
1745410593.5225,-0.8643,-0.3352,10.2520,-1.5344,-1.1221,0.3053
1745410593.6285,-0.4693,-0.2011,9.3278,-2.4656,-1.8779,0.3511
1745410593.7346,-0.6871,-0.2897,9.7923,-2.2519,-0.9466,0.3511
1745410593.8407,-0.6369,-0.4549,10.3022,-1.3053,-0.1985,0.4809
1745410593.9470,-0.7518,-0.3903,9.6223,-2.0458,-0.4504,0.2595
1745410594.0532,-0.5004,-0.2849,9.1866,-2.3435,-0.5038,0.2672
1745410594.1592,-0.7015,-0.2107,9.8402,-2.1908,-0.6107,0.3206
1745410594.2653,-0.5722,-0.4836,10.3238,-1.5191,-0.9313,0.4504
1745410594.3715,-0.7398,-0.2825,9.6893,-1.7405,-0.5878,0.6031
1745410594.4792,-0.6321,-0.1437,9.5481,-2.2901,-0.5191,0.2672
1745410594.5883,-0.8404,-0.3112,9.8665,-2.2977,-1.2443,0.4504
1745410594.6943,-0.5674,-0.4118,9.5529,-3.8855,-0.5115,0.1069
1745410594.8004,-0.8068,-0.2370,9.6510,-1.9084,-0.5191,0.5649
1745410594.9064,-0.4405,-0.2322,9.3781,-2.5344,-0.4580,0.4122
1745410595.0125,-0.5674,-0.1748,9.5960,-2.4962,-0.0840,1.8931
1745410595.1185,-0.6440,-0.3831,9.6199,-1.6107,-0.8168,0.2901
1745410595.2245,-0.7877,-0.4477,9.9192,-1.7634,-1.0840,0.3282
1745410595.3305,-0.4525,-0.2131,9.1578,-2.3359,-0.8626,0.0229
1745410595.4365,-0.7638,-0.1772,10.1155,-2.0611,-0.1603,0.0992
1745410595.5426,-0.7135,-0.3783,10.3884,-1.3511,-0.5573,0.1450
1745410595.6486,-0.7374,-0.4573,9.2536,-2.3664,-0.7634,-1.7939
1745410595.7545,-0.5722,-0.3304,9.4403,-2.0534,-0.8550,0.2672
1745410595.8605,-0.6273,-0.1844,9.6893,-2.1527,-0.4351,0.2443
1745410595.9665,-0.6536,-0.5938,10.1418,-1.8244,-0.9618,0.4580
1745410596.0726,-0.6153,-0.4429,9.5385,-1.6336,-0.5038,0.5344
1745410596.1797,-0.6129,-0.2729,9.3877,-3.8931,-0.7023,0.3664
1745410596.2860,-0.7183,-0.1963,9.8114,-3.8931,-0.7863,0.6031
1745410596.3920,-0.6584,-0.3496,9.8881,-2.0687,-0.4198,0.2519
1745410596.4981,-0.6823,-0.3400,9.7396,-1.6794,-0.5878,0.3282
1745410596.6051,-0.5818,-0.4381,9.5744,-1.6412,-0.5344,0.4504
1745410596.7117,-0.5100,-0.1197,9.5289,-2.3282,-0.5344,0.4122
1745410596.8178,-0.6273,-0.4477,9.7755,-2.2443,-0.6412,0.1298
1745410596.9251,-0.8691,-0.3855,9.5912,-1.8931,-0.9618,0.3053
1745410597.0310,-0.7470,-0.4142,9.7252,-1.7023,-0.9847,0.4198
1745410597.1371,-0.6752,-0.1389,9.8210,-2.2137,-0.6031,0.3664
1745410597.2432,-0.4741,-0.3376,9.8186,-2.1221,-0.5344,0.4275
1745410597.3492,-0.6177,-0.4477,9.9240,-1.8244,-0.7786,0.2061
1745410597.4552,-0.6680,-0.2945,9.4236,-3.9084,-1.0840,0.3664
1745410597.5612,-0.7446,-0.1844,9.5960,-2.1298,-0.7099,0.2290
1745410597.6672,-0.4693,-0.2083,9.4571,-2.6107,-0.2290,0.2290
1745410597.7733,-0.7302,-0.4334,10.4196,-1.2519,-1.0611,0.1374
1745410597.8793,-0.6536,-0.4166,9.8450,-1.8473,-0.9618,0.3206
1745410597.9853,-0.6871,-0.1676,9.3733,-2.3053,-0.7863,0.2748
1745410598.0914,-0.5698,-0.2705,9.9168,-2.1069,-0.2443,0.4962
1745410598.1977,-0.8499,-0.4429,10.2328,-1.5878,-1.0992,0.2748
1745410598.3040,-0.6369,-0.3376,9.8186,-2.1221,-0.5802,0.2443
1745410598.4130,-0.6704,-0.0120,9.3637,-2.5344,-0.6489,0.5267
1745410598.5205,-0.6177,-0.3759,10.0221,-2.0534,-0.5878,0.2214
1745410598.6265,-0.6632,-0.4381,9.9264,-1.4122,-0.8550,0.2519
1745410598.7325,-0.6273,-0.4214,9.5505,-2.2366,-0.8855,0.4504
1745410598.8416,-0.5938,-0.2298,10.0054,-2.0458,-0.4580,0.6718
1745410598.9476,-0.4741,-0.4142,9.7636,-2.0992,-0.8855,0.1145
1745410599.0537,-0.7302,-0.3424,9.6774,-1.6260,-0.7099,0.2748
1745410599.1597,-0.6752,-0.3615,9.8066,-1.4733,-0.6412,0.0305
1745410599.2658,-0.7230,-0.1245,9.5002,-2.3740,-0.4046,0.2290
1745410599.3718,-0.4621,-0.3711,9.9814,-3.9008,-0.5115,0.1374
1745410599.4778,-0.7254,-0.3615,9.8450,-1.5802,-0.1832,0.3130
1745410599.5838,-0.5818,-0.2825,9.3661,-2.1298,-1.0458,0.2977
1745410599.6898,-0.6943,-0.1748,9.5146,-2.4809,-0.1145,0.2443
1745410599.7969,-0.5195,-0.4573,9.1961,-2.5954,-0.6183,0.1908
1745410599.9030,-0.8236,-0.3711,9.9766,-1.4885,-1.2061,0.4122
1745410600.0089,-0.7230,-0.3879,9.7540,-1.7481,-0.7710,0.1145
1745410600.1150,-0.7494,-0.1867,9.4954,-2.5344,-0.7939,0.3130
1745410600.2210,-0.6201,-0.3160,9.8234,-1.9924,-0.4885,-1.8550
1745410600.3270,-0.6440,-0.4357,10.1347,-1.3282,-0.6336,0.6718
1745410600.4330,-0.6153,-0.3807,9.8354,-3.8626,-1.0076,0.4656
1745410600.5391,-0.6680,-0.2418,9.5050,-2.6412,-0.3053,0.0382
1745410600.6451,-0.5124,-0.3448,9.9048,-2.0534,-0.3435,0.2443
1745410600.7511,-0.7470,-0.4046,9.9934,-1.8321,-0.6489,0.3664
1745410600.8571,-0.6201,-0.2729,9.4332,-2.3359,-0.8702,0.2901
1745410600.9631,-0.5890,-0.1532,9.0908,-2.6794,-0.6718,0.2901
1745410601.0692,-0.5674,-0.4357,9.8378,-2.1069,-0.4580,0.3435
1745410601.1752,-0.8068,-0.3591,9.9120,-1.6641,-1.0916,0.1069
1745410601.2812,-0.6895,-0.3376,9.7947,-1.9160,-0.7252,0.3740
1745410601.3873,-0.6776,-0.2514,9.6750,-2.1221,-0.5802,0.3359
1745410601.4934,-0.6105,-0.3376,10.0197,-1.6565,-0.8473,0.2366
1745410601.5994,-0.6416,-0.3376,9.8402,-1.5954,-0.7634,0.2443
1745410601.7063,-0.5650,-0.2179,9.1195,-2.4580,-0.7176,0.1450
1745410601.8174,-0.6919,-0.2490,9.9335,-2.2519,-1.0000,0.3130
1745410601.9264,-0.6249,-0.3448,9.4906,-2.3817,-0.8397,0.4580
1745410602.0357,-0.6249,-0.2418,9.4092,-2.0840,-0.6336,0.3740
1745410602.1418,-0.5770,-0.1891,9.7588,-2.3359,1.9389,0.2672
1745410602.2477,-0.8308,-0.1987,10.0556,-2.3206,-1.2672,0.1298
1745410602.3537,-0.6416,-0.3448,9.3996,-2.1450,-0.7405,0.4504
1745410602.4597,-0.7590,-0.1532,9.2895,-2.1221,-0.7405,0.1069
1745410602.5657,-0.5076,-0.1963,9.4571,-2.7252,-0.3664,0.1603
1745410602.6717,-0.7063,-0.2753,9.7947,-2.3053,-1.1603,0.2595
1745410602.7777,-0.5267,-0.4190,9.0453,-2.4122,-0.9008,0.5420
1745410602.8837,-0.7638,-0.2729,9.5792,-1.9618,-0.9847,0.2214
1745410602.9897,-0.5195,-0.1437,9.2416,-2.9313,-0.6031,-1.7252
1745410603.0956,-0.7542,-0.1987,9.6510,-2.1908,-1.2443,0.4733
1745410603.2016,-0.5722,-0.3112,9.2201,-2.4427,-0.6107,0.1221
1745410603.3076,-0.7278,-0.1939,9.4571,-1.8092,-0.8015,0.1908
1745410603.4136,-0.5028,-0.1844,9.5433,-2.7099,-0.6183,0.3893
1745410603.5196,-0.6680,-0.2634,9.7468,-2.5878,-0.7786,0.1679
1745410603.6255,-0.6105,-0.3543,9.1985,-2.2137,-0.7023,0.2901
1745410603.7315,-0.7374,-0.3041,9.7731,-1.7634,-0.9389,0.3588
1745410603.8375,-0.5004,-0.1748,9.1267,-2.7786,-0.4962,0.0763
1745410603.9435,-0.6416,-0.2251,9.6558,-2.1145,-0.4733,0.1985
1745410604.0494,-0.6369,-0.4501,9.8713,-1.6947,-0.5649,0.2977
1745410604.1554,-0.7542,-0.3663,10.0173,-1.7023,-1.1450,0.0916
1745410604.2614,-0.6393,-0.3926,9.5217,-2.0000,-0.8473,0.4122
1745410604.3674,-0.6345,-0.1197,9.8162,-2.5802,-0.1145,0.4275
1745410604.4733,-0.5890,-0.3950,10.2687,-2.0687,-0.7176,0.1527
1745410604.5794,-0.7039,-0.3160,9.6343,-2.0000,-1.1985,0.3282
1745410604.6854,-0.6249,-0.3304,9.4379,-2.0687,-0.9771,0.3817
1745410604.7914,-0.6177,-0.0958,9.8426,-2.4198,-0.4809,0.5191
1745410604.8973,-0.5938,-0.2849,9.5409,-2.2366,-0.5725,0.3511
1745410605.0034,-0.8164,-0.3496,10.1658,-1.3893,-0.8855,0.4275
1745410605.1094,-0.6656,-0.3089,9.6869,-0.0076,-0.7405,0.1298
1745410605.2162,-0.4932,-0.1867,9.3494,-2.6794,-0.4275,0.3359
1745410605.3223,-0.6919,-0.5004,10.2256,-1.4809,-0.0763,0.2290
1745410605.4284,-0.6440,-0.3424,9.6989,-1.7634,-0.7023,0.2977
1745410605.5345,-0.5148,-0.0287,9.1363,-2.4656,-0.7328,-1.8626
1745410605.6420,-0.5674,-0.1867,9.8976,-2.2901,-0.1985,0.5267
1745410605.7481,-0.6656,-0.4549,9.9958,-2.0382,-0.8931,0.0382
1745410605.8541,-0.7422,-0.4429,9.7205,-1.7786,-0.7252,0.2748
1745410605.9601,-0.5818,-0.4477,9.6510,-1.7710,-0.7786,0.4275
1745410606.0661,-0.6488,-0.1628,9.9862,-2.5573,-0.4962,0.3588
1745410606.1722,-0.7422,-0.2801,9.7133,-2.2214,-1.9924,0.3053
1745410606.2782,-0.5363,-0.3783,9.5624,-1.8702,-0.1679,-0.0687
1745410606.3842,-0.6488,-0.3328,9.5624,-1.7176,-0.8244,0.1221
1745410606.4902,-3.0885,-2.3607,9.9335,-2.3740,-0.2290,-0.4656
1745410606.5963,-0.6871,-0.3232,9.8665,-3.9084,-1.4580,0.4046
1745410606.7023,-0.7278,-0.5219,9.7947,-1.8397,-0.7786,0.0992
1745410606.8098,-0.6991,-0.4118,9.4786,-2.1679,-1.2137,0.3206
1745410606.9159,-1.1588,-0.6608,9.4236,3.2137,-1.3282,53.9924
1745410607.0220,-0.6776,-0.2945,9.7229,-2.0916,-0.4122,0.5267
1745410607.1317,-0.8859,-0.3280,9.6079,-0.0305,-0.5267,0.1679
1745410607.2378,-0.6728,-0.3926,9.8019,-1.8015,-1.9237,1.8550
1745410607.3438,-0.3759,-0.0838,9.7779,-2.6183,-4.2824,-30.5191
1745410607.4499,-0.9505,-0.4741,9.8641,-0.0076,-2.7252,0.3893
1745410607.5559,-0.7733,-0.2825,9.6917,-1.5649,-0.1145,0.6489
1745410607.6637,-0.8475,-0.2562,9.5553,-3.8473,-0.8626,0.5496
1745410607.7698,-0.9266,-0.1317,10.2137,-1.8931,-0.0840,0.1145
1745410607.8758,-0.8332,-0.3304,9.7133,-2.2443,-1.7634,0.2290
1745410607.9818,-0.8595,-0.4190,10.3262,5.8626,-0.0153,3.8015
1745410608.0878,-0.8523,-0.2658,9.6869,-0.0305,-2.9008,0.8015
1745410608.1939,-0.5387,-0.0814,9.0668,-2.5344,-0.4046,0.2672
1745410608.2999,-0.6225,-0.4310,9.9862,-2.0763,-1.7176,0.5267
1745410608.4059,-0.9098,-0.1796,9.5457,-2.0611,-1.5649,0.6183
1745410608.5119,-0.7638,-0.2801,9.8881,-2.0382,-0.3969,0.5496
1745410608.6180,-0.8930,-0.1437,9.6271,-3.9847,-3.1756,-0.5115
1745410608.7240,-0.7350,-0.4022,9.9240,-3.0305,-1.4351,-0.1374
1745410608.8301,0.6273,0.2418,10.4100,-1.3282,-2.9618,0.3435
1745410608.9361,-0.3352,-0.3017,9.8186,-2.3359,-1.8702,0.6565
1745410609.0422,-0.3543,-0.1891,9.9766,-1.6336,-0.7023,0.4733
1745410609.1482,-0.4046,-0.3041,9.9766,-1.6412,-0.8168,0.4504
1745410609.2543,-0.1987,-0.0168,9.3565,-1.5191,-0.4427,1.1374
1745410609.3604,-0.3041,-0.2945,10.5297,-1.7099,1.8168,1.3130
1745410609.4664,-1.4150,0.3807,9.6582,-3.8244,1.4351,2.5115
1745410609.5724,-0.4860,-0.2107,9.5337,-3.8931,-0.2672,0.4351
1745410609.6811,-0.5459,-0.2370,9.8928,-1.7710,-1.7405,0.6794
1745410609.7871,-0.5100,-0.1556,9.7109,-2.5344,0.1756,0.3206
1745410609.8932,-0.5315,-0.1532,9.6582,-2.0840,-0.0687,0.4504
1745410609.9992,-0.6704,-0.3615,9.6654,-1.9237,-2.2519,0.5954
1745410610.1052,-0.4717,-0.2945,9.9383,-1.8092,-0.9847,0.7634
1745410610.2113,-0.3065,-0.2251,9.4739,-2.4275,1.2061,0.0916
1745410610.3173,-0.4884,-0.0120,9.1889,-2.1679,-0.8015,0.1374
1745410610.4233,-0.7661,-0.3831,10.2783,-1.1450,-2.4122,0.4733
1745410610.5294,-0.7374,-0.4525,10.3334,-1.0382,-1.8397,0.4504
1745410610.6384,-0.5578,-0.2562,9.6295,-2.5954,-0.2137,0.2061
1745410610.7444,-0.3160,-0.2729,10.1418,-2.3664,2.8244,0.2290
1745410610.8531,-0.2011,-0.1939,8.9519,-2.2901,0.9237,0.0763
1745410610.9592,-0.5531,-0.2849,9.4595,-1.7634,-0.4504,0.3435
1745410611.0652,-0.4070,-0.1772,9.4332,-1.7710,-1.0763,0.1908
1745410611.1713,-0.7374,-0.3184,10.3884,-1.4122,-1.6031,0.3740
1745410611.2774,-0.8332,-0.2418,10.1706,-1.9847,-1.0153,0.3664
1745410611.3834,-0.4932,-0.1604,9.5553,-2.2901,1.7863,0.3740
1745410611.4895,-0.0718,-0.2514,9.3972,-2.3740,1.2901,0.1374
1745410611.5955,-0.5148,-0.1197,9.5696,-1.8473,-0.7405,0.2061
1745410611.7015,-0.6752,-0.3089,9.9671,-1.3206,-2.5649,0.6641
1745410611.8076,-0.8475,-0.1532,9.8665,-1.7786,-1.9542,0.4733
1745410611.9136,-0.4645,-0.2969,9.8641,-2.3740,-0.6641,0.3130
1745410612.0197,-0.6536,-0.1125,9.9240,-2.4580,0.7252,0.0458
1745410612.1257,-0.3687,-0.2227,9.1602,-2.2061,1.0153,0.3053
1745410612.2318,-0.6129,-0.2753,9.5577,-1.6794,-1.3664,0.5496
1745410612.3381,-0.4262,-0.2274,9.7085,-1.3435,-1.2672,0.3130
1745410612.4471,-0.6321,-0.2538,10.1801,-1.6641,-2.7939,0.4962
1745410612.5557,-0.6129,-0.4310,9.8019,-1.4733,-0.0916,0.5344
1745410612.6619,-0.6823,-0.2873,10.0197,-1.6870,-1.5878,0.3053
1745410612.7680,-0.4286,-0.1867,9.5768,-2.8550,0.9313,0.3740
1745410612.8740,-0.2298,-0.0790,9.4020,-2.9160,1.3817,-1.7481
1745410612.9801,-0.4310,-0.2586,9.9288,-1.2443,-1.9924,0.4046
1745410613.0862,-0.8619,-0.1556,9.5840,-1.6641,-2.5267,0.2977
1745410613.1931,-0.3160,-0.4286,9.8833,-2.5344,-0.5802,0.3664
1745410613.2992,-0.5243,-0.1006,9.6127,-2.5954,0.5420,0.0534
1745410613.4052,-0.5483,-0.2538,9.4020,-1.6794,-2.1832,0.3130
1745410613.5112,-0.6656,-0.0551,9.7085,-2.1298,-1.7634,0.4275
1745410613.6173,-0.3376,-0.1053,9.4427,-2.4962,1.8855,0.0305
1745410613.7233,-0.6776,-0.2610,9.8306,-1.7634,-2.2748,0.2519
1745410613.8294,-0.8260,-0.2035,10.0245,-1.5954,-1.3817,-1.8779
1745410613.9354,-0.3926,-0.1508,9.4978,-2.5420,1.3817,0.2061
1745410614.0415,-0.5076,-0.3376,10.0054,-1.5725,-1.3053,0.0840
1745410614.1475,-0.5483,-0.2897,10.0940,-1.9847,-0.8550,0.0687
1745410614.2536,-0.4310,-0.3017,9.3350,-0.0687,-1.7710,0.4809
1745410614.3596,-0.6512,-0.1772,10.1921,-2.3282,-1.1603,0.3282
1745410614.4657,-0.6488,-0.1844,9.6007,-2.4275,-0.4733,0.3893
1745410614.5718,-0.8691,-0.3328,10.2424,-1.7786,-1.6794,0.4046
1745410614.6778,-0.4094,-0.0766,9.0333,-2.2290,-0.3435,0.2748
1745410614.7839,-0.7422,-0.3136,10.2376,-2.0000,-0.0992,-1.7557
1745410614.8900,-0.5770,-0.1293,9.5313,-2.1221,-2.3664,0.6412
1745410614.9960,-0.4788,-0.2897,9.8019,-0.0916,1.6718,0.2443
1745410615.1051,0.7015,-0.8068,9.8114,-3.1603,-4.9237,-12.1298
1745410615.2111,-0.2322,-0.4334,9.7588,-3.7710,-3.1985,-6.7557
1745410615.3171,-0.8547,-0.3160,10.3238,-3.8626,-0.0992,-3.8779
1745410615.4232,-0.5339,-0.2107,9.8330,-1.5802,-0.7099,-4.3206
1745410615.5292,-0.3831,-0.2298,9.2656,-2.7939,0.6336,0.1985
1745410615.6352,-0.6129,-0.3424,10.3669,-3.8779,-1.0076,0.4351
1745410615.7412,-0.5148,-0.3807,10.3789,-1.2901,-1.1985,0.3893
1745410615.8472,-0.4334,-0.2753,9.6558,-1.9237,-1.2824,0.1069
1745410615.9532,-0.3663,-0.3089,9.5289,-2.5420,-0.3282,0.1221
1745410616.0593,-0.3376,-0.4549,9.8138,-2.3588,-0.0382,0.3817
1745410616.1653,-0.4645,-0.3232,10.1801,-1.3740,-1.9542,0.3817
1745410616.2713,-0.3974,-0.1724,9.3541,-2.6336,-0.0076,0.2977
1745410616.3773,-0.3112,-0.1580,9.5481,-2.2214,-1.3435,0.1069
1745410616.4833,-0.1939,-0.3232,9.1674,-2.0611,-0.2748,0.2443
1745410616.5893,-0.3496,-0.1484,9.5122,-2.4351,-0.2214,0.5344
1745410616.6953,-0.4597,-0.1748,9.7731,-2.4962,0.2366,0.1908
1745410616.8014,-0.5842,-0.2227,10.0341,-1.7557,-1.8855,0.5649
1745410616.9074,-0.4932,-0.2849,9.9168,-1.5725,-1.0305,0.5420
1745410617.0134,-0.4573,-0.2107,9.8737,-2.8168,-0.4122,0.2137
1745410617.1194,-0.3879,-0.3974,9.9192,-2.3893,-0.6412,0.2137
1745410617.2254,-0.4645,-0.3496,9.4978,-2.2443,-0.5649,0.2595
1745410617.3324,-0.5171,-0.2083,9.0812,-2.3130,0.5115,0.3588
1745410617.4384,-0.5315,-0.2705,9.8306,-2.2137,-0.4275,0.2137
1745410617.5444,-0.6249,-0.3759,10.1825,-1.7328,-1.1756,0.3053
1745410617.6505,-0.4812,-0.2634,9.9503,-1.6870,-1.3588,0.6107
1745410617.7565,-0.3903,-0.1197,9.3302,-2.3435,0.2519,0.2748
1745410617.8625,-0.3400,-0.3974,9.4044,-2.6489,1.9008,0.2672
1745410617.9685,-0.4932,-0.3017,9.4140,-1.8473,-0.8779,0.1832
1745410618.0745,-0.4238,-0.2753,9.2823,-2.0992,-0.5649,0.3969
1745410618.1805,-0.5195,-0.2203,10.2256,-1.9466,-0.6641,0.1908
1745410618.2865,-0.4525,-0.3735,10.2687,-1.5573,-1.7328,0.1908
1745410618.3926,-0.5698,-0.2777,9.5002,-2.0305,-0.9771,0.4122
1745410618.4986,-0.4405,-0.3041,9.4882,-2.0305,0.0992,0.3969
1745410618.6047,-0.5171,-0.2035,9.6175,-2.4122,-1.8626,0.2901
1745410618.7108,-0.6560,-0.4501,10.0604,-1.2366,-1.0000,0.2061
1745410618.8169,-0.5674,-0.2203,10.0556,-3.8779,-0.4962,0.1374
1745410618.9230,-0.2035,-0.2083,9.7588,-2.0305,-0.3130,0.2443
1745410619.0292,-0.7135,-0.1604,9.9910,-2.2214,-0.6947,0.3130
1745410619.1353,-0.4238,-0.3472,9.3494,-0.0229,-0.7481,0.3969
1745410619.2414,-0.4429,-0.2035,9.3302,-2.0687,-0.6489,0.4122
1745410619.3476,-0.3256,-0.2442,10.0317,-1.8702,-0.3206,0.1756
1745410619.4536,-0.5555,-0.3879,10.1131,-1.4962,-1.4198,0.2595
1745410619.5597,-0.4693,-0.2945,9.6391,-1.9924,-0.4275,0.3359
1745410619.6657,-0.6752,-0.1269,9.4667,-2.5344,-0.7252,0.0305
1745410619.7718,-0.4717,-0.1748,9.7157,-2.3893,0.4046,0.2061
1745410619.8778,-0.5722,-0.3663,9.9527,-1.5573,-1.3817,0.1756
1745410619.9838,-0.5794,-0.3591,9.8689,-1.6107,-0.9618,0.6260
1745410620.0899,-0.4980,-0.0096,9.5217,-2.7634,-0.8092,0.1221
1745410620.1959,-0.3352,-0.2825,9.7899,-2.0611,0.3588,0.4351
1745410620.3020,-0.5578,-0.1652,9.9886,-1.6336,-0.1374,0.5191
1745410620.4080,-0.3352,-0.3256,9.7229,-1.6336,-0.4351,0.2519
1745410620.5141,-0.4142,-0.1197,9.5864,-2.3511,-0.3206,0.2977
1745410620.6201,-0.3926,-0.4597,9.6917,-2.5954,-0.4427,0.2901
1745410620.7261,-0.5890,-0.3017,9.8258,-1.6107,-1.8702,0.4809
1745410620.8357,-0.5052,-0.2538,9.6223,-1.8244,-0.1756,0.3053
1745410620.9418,-0.5195,-0.2897,10.1299,-2.0000,-0.5420,0.3588
1745410621.0481,-0.5267,-0.4166,9.9886,-1.8550,-1.1221,0.3282
1745410621.1549,-0.4956,-0.3448,9.5648,-1.9618,-0.7557,0.0916
1745410621.2612,-0.4860,-0.1867,9.3637,-2.3282,-0.9237,0.2290
1745410621.3672,-0.5171,-0.2993,10.0556,-2.0763,0.0687,0.3740
1745410621.4734,-0.5866,-0.3831,10.1682,-1.5267,-1.6794,0.3588
1745410621.5796,-0.3783,-0.3424,9.5146,-1.9389,1.9008,0.2443
1745410621.6880,-0.4310,-0.1676,9.1171,-2.4504,-0.4809,0.4504
1745410621.7970,-0.3687,-0.3496,9.7013,-1.9771,-1.1298,0.3740
1745410621.9031,-0.4788,-0.3926,9.8617,-1.6947,-1.2366,0.2672
1745410622.0091,-0.3352,-0.3065,9.5553,-1.6107,-0.5802,0.2290
1745410622.1152,-0.5890,-0.0503,9.7923,-2.5420,-1.2824,0.5191
1745410622.2212,-0.2873,-0.4166,9.6510,-2.1985,0.6183,0.2443
1745410622.3272,-0.5387,-0.3855,10.0844,-1.5573,-0.5496,0.3053
1745410622.4333,-0.4764,-0.3783,9.7564,-2.2672,-1.4504,0.3435
1745410622.5393,-0.3855,-0.1245,9.1985,-2.8779,-1.1069,0.4275
1745410622.6453,-0.4405,-0.3160,9.1267,-2.8168,-0.6260,0.4656
1745410622.7513,-0.5387,-0.3448,9.6798,-1.7557,-0.9237,0.1679
1745410622.8574,-0.5435,-0.3879,9.6678,-1.5191,-2.0229,0.1527
1745410622.9634,-0.3855,-0.1652,9.5744,-2.4733,-0.3664,0.2519
1745410623.0694,-0.4884,-0.3136,9.7444,-2.3511,-1.3893,0.2977
1745410623.1755,-0.5531,-0.4597,9.8019,-1.3893,-1.4656,0.1069
1745410623.2815,-0.3998,-0.1772,9.7827,-1.7786,-1.2137,0.1603
1745410623.3876,-0.3974,-0.2705,9.6534,-3.8931,0.1450,0.5191
1745410623.4937,-0.3400,-0.2466,9.3829,-2.4885,-0.0534,0.4580
1745410623.5998,-0.6488,-0.2298,10.0940,-2.1679,-1.7481,0.3817
1745410623.7060,-0.5674,-0.3855,9.7181,-1.5496,-1.3359,0.3817
1745410623.8121,-0.5962,-0.1772,9.5768,-2.0687,-1.0458,0.0992
1745410623.9181,-0.4597,-0.2251,10.0796,-0.1450,-0.5573,0.1221
1745410624.0271,-0.6416,-0.3615,10.3980,-1.5191,-1.3359,0.3130
1745410624.1331,-0.4693,-0.1556,9.4284,-2.2901,-1.2214,0.1450
1745410624.2392,-0.5219,-0.2825,9.6798,-2.0534,-1.4427,0.3130
1745410624.3452,-0.4741,-0.2251,9.6462,-2.0916,-0.3130,0.0687
1745410624.4512,-0.4501,-0.6009,10.5345,-1.2977,-0.9160,0.3588
1745410624.5573,-0.3567,-0.3496,9.6941,-1.8321,-1.2672,0.3053
1745410624.6633,-0.6129,-0.2083,9.3948,-2.0840,-0.5344,0.1832
1745410624.7694,-0.4190,-0.3065,10.2472,-1.9618,-0.9237,0.2977
1745410624.8754,-0.5722,-0.3591,9.9958,-1.9924,-1.0916,0.3435
1745410624.9814,-0.4501,-0.3280,9.3709,-1.9084,-0.7786,0.4198
1745410625.0876,-0.4381,-0.4357,9.7803,-1.6336,-0.8473,0.7023
1745410625.1936,-0.3998,-0.2059,10.0293,-1.8473,-0.7099,0.2977
1745410625.2998,-0.6345,-0.4142,10.2592,-2.0076,-0.3893,0.2061
1745410625.4058,-0.4693,-0.3448,9.3972,-2.0153,-0.8092,0.1908
1745410625.5118,-0.6488,-0.3663,9.6989,-2.0611,-0.2977,0.2366
1745410625.6180,-0.5028,-0.0096,9.8641,-2.3969,-0.3817,0.3435
1745410625.7241,-0.4357,-0.2394,9.4643,-2.6412,-0.2672,0.3359
1745410625.8302,-0.6847,-0.3615,9.9072,-1.6870,-1.1832,0.2519
1745410625.9379,-0.5650,-0.3663,9.9168,-1.7328,-1.5725,0.5802
1745410626.0440,-0.5148,-0.2370,9.6510,-2.2137,-0.2443,0.0382
1745410626.1500,-0.3903,-0.3280,9.6295,-2.1679,0.5496,0.3817
1745410626.2560,-0.4693,-0.3615,10.3837,-1.4351,-1.5038,0.5420
1745410626.3620,-0.4573,-0.4214,9.4715,-2.2748,-0.9389,0.1756
1745410626.4681,-0.5746,-0.1556,9.4092,-2.2366,-0.8550,0.1374
1745410626.5741,-0.4094,-0.1796,9.6510,-2.1908,0.5344,0.2595
1745410626.6801,-0.3639,-0.2658,10.2639,-1.7481,-1.4580,0.2901
1745410626.7862,-0.3448,-0.3328,9.4499,-1.8702,-0.7481,0.2748
1745410626.8922,-0.5746,-0.2035,9.4308,-1.7252,-1.0229,0.1450
1745410626.9982,-0.2251,-0.2203,9.8617,-2.2824,0.1985,0.3053
1745410627.1043,-0.4693,-0.1532,9.5385,-2.3740,0.0076,0.3053
1745410627.2103,-0.5698,-0.3926,9.8066,-1.7099,-1.2824,0.0305
1745410627.3163,-0.3759,-0.2586,9.8857,-1.8015,-1.0916,0.4733
1745410627.4224,-0.3711,-0.2418,9.4308,-2.5496,0.2366,0.2595
1745410627.5286,-0.3759,-0.1915,9.7827,-2.2748,1.8168,0.2061
1745410627.6346,-0.5507,-0.4142,9.7564,-1.7328,-0.9389,0.5267
1745410627.7412,-0.5866,-0.3065,10.0245,-1.3511,-1.1450,0.1756
1745410627.8472,-0.4429,-0.2035,9.3637,-2.1145,-0.3740,0.2061
1745410627.9567,-0.5483,-0.2777,9.7492,-2.3359,0.1374,0.0000
1745410628.0627,-0.4764,-0.4453,9.7755,-1.8702,-2.0992,0.2366
1745410628.1687,-0.4860,-0.1844,9.6079,-1.5573,-0.0229,0.1756
1745410628.2748,-0.2753,-0.2107,9.8066,-2.4580,-1.2061,0.4962
1745410628.3808,-0.4717,-0.2777,10.0102,-3.9084,-0.2290,0.4885
1745410628.4869,-0.3280,-0.4046,9.4763,-2.1221,-0.7252,0.1145
1745410628.5929,-0.6249,-0.2083,9.5577,-1.7252,-0.4733,0.3206
1745410628.6990,-0.3807,-0.1700,9.7659,-2.3740,-0.6489,0.4809
1745410628.8050,-0.5363,-0.2849,9.9311,-2.0687,-0.2214,0.2443
1745410628.9111,-0.3926,-0.3807,9.6007,-1.8931,-1.1908,0.4962
1745410629.0171,-0.5363,-0.1556,9.7875,-1.7557,-0.8779,0.3053
1745410629.1232,-0.3543,-0.1772,9.6702,-2.2290,-0.3359,0.3206
1745410629.2292,-0.5004,-0.2251,9.9072,-2.2824,-0.7557,0.1679
1745410629.3352,-0.3136,-0.3089,9.8258,-1.5038,-0.4962,0.1603
1745410629.4413,-0.6177,-0.1532,9.6271,-1.8397,-1.6565,0.5344
1745410629.5473,-0.3831,-0.2346,9.6558,-2.2824,-0.3588,0.2443
1745410629.6534,-0.4597,-0.1580,9.7827,-2.4198,0.1527,0.1756
1745410629.7595,-0.5052,-0.4597,9.5792,-1.5344,-0.9466,0.3053
1745410629.8656,-0.5962,-0.1532,9.7683,-1.7939,-0.8092,0.3740
1745410629.9716,-0.3208,-0.2131,9.7803,-2.5038,-0.9847,0.3817
1745410630.0803,-0.5028,-0.4262,9.9383,-2.2137,-0.8244,0.1527
1745410630.1863,-0.6153,-0.4549,9.7229,-1.8092,-1.3893,0.2366
1745410630.2924,-0.5483,-0.1484,9.6558,-1.7786,-0.8931,0.5038
1745410630.3984,-0.3879,-0.2658,9.6917,-2.2977,0.3893,0.2137
1745410630.5045,-0.5100,-0.2897,10.3286,-3.8092,-0.6641,0.1450
1745410630.6105,-0.3304,-0.4142,9.6750,-1.6565,-0.5954,0.1527
1745410630.7165,-0.5531,-0.2131,9.6271,-1.7786,-1.4809,0.5038
1745410630.8226,-0.4310,-0.2131,9.7181,-2.5878,-0.2061,0.2443
1745410630.9286,-0.6800,-0.2490,9.7588,-2.5573,0.3664,0.3435
1745410631.0347,-0.5291,-0.4549,9.6702,-1.8092,-0.9237,0.4275
1745410631.1409,-0.6201,-0.2298,9.7205,-1.4504,-1.6641,0.2214
1745410631.2469,-0.4190,-0.1580,9.8402,-2.4046,-0.5420,0.2137
1745410631.3529,-0.4884,-0.1413,9.6941,-2.3206,0.5954,0.1756
1745410631.4590,-0.5698,-0.3065,9.3015,-1.9542,-0.6718,0.3359
1745410631.5650,-0.5578,-0.1556,9.9288,-1.6565,-0.8092,0.3130
1745410631.6711,-0.2921,-0.2801,9.5984,-2.1908,0.0458,0.3206
1745410631.7771,-0.5602,-0.1173,9.6391,-2.1832,0.3664,0.2901
1745410631.8837,-0.4429,-0.3376,10.0748,-1.0305,-2.1298,0.5191
1745410631.9898,-0.5243,-0.1556,9.8928,-1.3435,-0.3969,0.2443
1745410632.0970,-0.2921,-0.1628,9.4667,-2.4198,-1.4198,0.3817
1745410632.2033,-0.4645,-0.2514,9.8210,-2.2824,-0.7786,0.3282
1745410632.3103,-0.4070,-0.2801,9.6319,-1.6794,-0.4580,0.3969
1745410632.4164,-0.6680,-0.2705,9.8330,-2.0229,-1.6641,0.2366
1745410632.5225,-0.2777,-0.2011,9.0884,-2.6870,-0.0840,0.4198
1745410632.6291,-0.4597,-0.0407,9.7468,-2.2748,-0.5649,0.2748
1745410632.7351,-0.5076,-0.3184,9.8665,-1.4962,-1.5420,0.2214
1745410632.8412,-0.5914,-0.3783,9.6678,-3.8626,-0.8550,0.1298
1745410632.9472,-0.3855,-0.2562,9.2201,-2.4122,-0.1679,0.3130
1745410633.0532,-0.4788,-0.2634,10.3262,-1.5191,-0.0763,0.1450
1745410633.1592,-0.4238,-0.4501,10.0700,-1.7863,-1.8397,0.4656
1745410633.2653,-0.6704,-0.4932,9.8090,-1.7405,-0.7939,0.2443
1745410633.3714,-0.5890,-0.1652,9.5122,-0.0611,-1.6183,0.4198
1745410633.4774,-0.4142,-0.2059,9.8450,-2.2061,-0.9313,0.1527
1745410633.5834,-0.4980,-0.3879,9.9000,-2.3206,0.1069,0.2214
1745410633.6895,-0.7087,-0.2945,9.4595,-1.6641,-0.8244,0.2290
1745410633.7955,-0.5052,-0.3591,9.7827,-1.9084,-1.3435,0.3511
1745410633.9015,-0.4764,-0.0766,9.4068,-2.2901,-1.2748,0.0458
1745410634.0076,-0.5794,-0.3328,9.4332,-2.2595,-1.9389,0.1069
1745410634.1136,-0.6273,-0.2897,9.2560,-2.4962,-1.5115,0.2901
1745410634.2197,-0.2921,-0.3663,10.1778,-1.3053,0.4809,0.3053
1745410634.3269,-0.6704,-0.2298,10.4100,-1.7023,-0.0076,0.1450
1745410634.4330,-0.3735,-0.4334,10.0820,-2.1527,-1.1603,0.0687
1745410634.5391,-0.3065,-0.4477,9.5433,-1.4504,-1.1069,0.3817
1745410634.6451,-0.4693,-0.2059,9.7851,-1.5802,-0.9847,0.3511
1745410634.7512,-0.5267,-0.2131,10.0126,-1.9924,-0.7863,0.4046
1745410634.8572,-0.5219,-0.3376,9.7731,-2.2519,-1.1145,0.2519
1745410634.9662,-0.5028,-0.3615,9.7659,-1.7099,-0.9237,0.3435
1745410635.0723,-0.5674,-0.3615,9.6582,-0.0611,-0.6718,0.4122
1745410635.1783,-0.4741,-0.0024,9.7612,-2.3817,-0.4275,0.3282
1745410635.2843,-0.5722,-0.2370,9.6869,-2.8015,-0.1527,0.0153
1745410635.3904,-0.5842,-0.3089,9.7588,-1.6107,-2.7710,0.3740
1745410635.4964,-0.3496,-0.4142,9.6726,-1.6565,-0.7863,0.4122
1745410635.6025,-0.4621,-0.2179,9.4858,-2.1756,0.2519,0.3664
1745410635.7085,-0.2897,-0.2370,9.6606,-2.1069,1.8855,0.1527
1745410635.8145,-0.8404,-0.4477,10.0628,-1.5496,-2.3359,0.3740
1745410635.9205,-0.3304,-0.2801,9.5529,-3.9084,-1.8244,0.3511
1745410636.0265,-0.3998,-0.1293,9.4571,-2.4656,0.4733,0.2443
1745410636.1326,-0.3208,-0.2227,9.6654,-2.4275,-1.5878,0.3130
1745410636.2386,-0.4142,-0.4764,10.1035,-1.4198,-0.1298,0.3359
1745410636.3446,-0.2705,-0.2993,9.5265,-1.9160,-0.1756,0.3435
1745410636.4557,-0.3280,-0.2442,10.0389,-1.9924,-0.6031,0.2977
1745410636.5620,-0.3879,-0.2586,9.6462,-2.2824,0.2748,0.2443
1745410636.6681,-0.5531,-0.2873,9.7205,-1.6947,-1.1756,0.1527
1745410636.7743,-0.4597,-0.4381,9.6654,-3.8931,-0.4656,0.4046
1745410636.8804,-0.4286,-0.2801,9.4547,-2.0916,-0.6947,0.4046
1745410636.9868,-0.4214,-0.0958,9.7396,-2.0076,0.2672,0.1832
1745410637.0935,-0.4477,-0.3998,10.0652,-2.0382,-1.1908,0.3130
1745410637.2010,-0.4525,-0.3328,9.8043,-1.6412,-1.3053,0.3817
1745410637.3070,-0.0694,-0.2705,9.5720,-3.5878,-2.9618,0.6870
1745410637.4131,-0.5267,-0.1484,9.2608,-2.2137,0.8550,0.0305
1745410637.5192,-0.6823,-0.2658,9.9599,-2.2519,-3.3511,0.3664
1745410637.6252,-0.2107,-0.3448,8.8609,-3.6336,1.2061,-1.8550
1745410637.7312,-0.4812,-0.1652,9.6223,-1.9389,-0.5725,0.3588
1745410637.8372,-0.4142,-0.2179,9.8689,-2.1374,0.6489,0.2748
1745410637.9432,-0.3950,-0.4094,9.6486,-2.6794,1.6794,-0.0916
1745410638.0493,-0.6488,-0.2203,9.6343,-2.1985,-1.2443,0.3359
1745410638.1553,-0.5794,-0.5076,10.2568,-1.5496,-0.3817,0.3664
1745410638.2613,-0.4573,-0.1101,9.3063,-2.2748,1.0305,0.0153
1745410638.3674,-0.3639,-0.3519,10.1801,-1.7939,-0.8092,0.5802
1745410638.4734,-0.6225,-0.3448,10.3214,-1.7023,-2.6336,0.3511
1745410638.5795,-0.6560,-0.3256,9.5433,-1.7328,-0.9847,0.3511
1745410638.6856,-0.4381,-0.0527,9.3206,-2.1374,-0.8550,0.2977
1745410638.7916,-0.3735,-0.3711,9.9527,-2.5878,0.1145,0.3359
1745410638.8997,-0.7422,-0.0790,10.1873,-1.1069,-3.1221,0.3664
1745410639.0076,-0.3519,-0.3950,9.4954,-1.6947,-3.6947,0.4885
1745410639.1157,-0.5962,-0.0431,9.7061,-2.1374,-0.6489,0.3130
1745410639.2219,-0.6033,-0.2634,10.3980,-2.0992,0.0916,0.2672
1745410639.3279,-0.6512,-0.3089,10.4842,-1.2061,-0.5344,0.2443
1745410639.4340,-0.3807,-0.3472,9.4332,-3.8702,-0.5649,0.2290
1745410639.5414,-0.7326,-0.4764,10.6159,-1.4580,-3.0763,0.4046
1745410639.6475,-0.5507,-0.7183,10.9223,-2.6489,-0.4427,0.7634
1745410639.7568,-0.4932,-1.0606,10.7978,2.2290,-12.6870,0.8855
1745410639.8639,-0.4142,-0.7374,10.2520,-4.3511,5.7557,0.4885
1745410639.9700,0.1101,-0.8045,8.6287,-3.4275,-0.6183,0.0000
1745410640.0760,-0.6153,-0.8380,9.4451,-3.1450,-1.2214,0.5420
1745410640.1820,-0.2705,-0.3017,9.3398,-2.2748,0.4885,-1.9084
1745410640.2880,-0.2251,-0.5531,9.1195,-2.6107,-0.5725,0.0687
1745410640.3941,-0.4621,-0.4214,9.9264,-2.1145,-0.1908,0.1679
1745410640.5001,-0.3974,-0.3711,9.2105,-1.8550,0.1679,0.2519
1745410640.6061,-0.2562,-0.5219,9.0573,-3.6107,2.8931,1.9084
1745410640.7122,-0.5243,-0.8092,10.0533,-1.7557,0.6947,0.3206
1745410640.8182,-0.2801,-0.6704,9.2273,-3.5038,2.5954,-1.8931
1745410640.9242,-0.0527,-1.1109,8.4803,-4.5878,2.9160,0.2901
1745410641.0303,-0.4286,-0.8859,9.3733,-3.2595,-1.4962,0.2290
1745410641.1363,-0.9816,-1.2163,10.6853,-1.5115,-3.4275,0.1527
1745410641.2423,-0.7278,-1.6137,11.2192,-1.4427,-2.8168,0.7252
1745410641.3484,-0.6871,-1.2737,10.1993,-3.3359,-1.0840,0.2137
1745410641.4557,-0.1580,-1.1875,10.0173,-2.4809,-1.0229,0.2595
1745410641.5618,-0.6512,-1.5083,9.8833,-2.6870,-1.0229,0.1832
1745410641.6679,-0.8643,-1.2953,10.9247,-1.4427,-2.4504,0.6870
1745410641.7742,-0.3998,-1.4509,10.4196,-0.9008,-0.0840,0.4656
1745410641.8831,-0.7398,-0.9936,9.3565,-3.4427,-0.7328,0.6031
1745410641.9921,0.2538,-0.8308,8.6981,-3.3130,5.9160,0.1756
1745410642.0981,-0.9026,-1.2665,10.8912,1.9466,-4.3893,0.5802
1745410642.2042,-0.6943,-1.4605,11.3892,-0.0382,-2.0534,0.6412
1745410642.3102,-0.5195,-0.9720,9.8402,-2.4656,1.2901,0.2901
1745410642.4162,-0.4693,-1.0439,8.5258,-2.3969,-0.9542,-1.8931
1745410642.5223,-0.3711,-0.9146,9.6462,-2.9237,-0.4122,0.1069
1745410642.6283,-0.5267,-0.3472,9.2392,-0.8931,-2.1450,0.5038
1745410642.7344,-0.7039,-0.2753,10.2376,-2.5420,-2.9389,0.2214
1745410642.8404,0.3089,0.2322,7.2784,-3.4275,2.0382,-0.3053
1745410642.9465,-0.8475,-0.5052,11.8728,0.2595,-2.7176,0.4809
1745410643.0525,-0.4046,-0.1030,10.2568,-2.8550,0.0458,0.4580
1745410643.1585,-1.0654,-0.4453,10.9990,-1.2977,-3.8855,0.5344
1745410643.2646,-0.3184,0.0072,9.0549,-3.3435,0.0305,-1.9466
1745410643.3706,-0.1245,-0.2227,9.0956,-3.1527,-0.2366,0.2901
1745410643.4769,-0.2203,-0.0407,9.2177,-3.1374,0.8015,1.8931
1745410643.5830,-0.9361,-0.2035,9.8258,-1.7176,-0.0305,0.3053
1745410643.6917,-0.7302,-0.2322,10.4196,-1.0382,-3.1221,0.2901
1745410643.7978,-1.0487,-0.3328,10.9942,-2.0000,-2.2595,0.6794
1745410643.9039,-0.4788,-0.7039,11.1354,-0.8397,-2.7099,0.7023
1745410644.0100,-0.7015,-0.2634,9.4188,-2.4656,0.0916,1.8779
1745410644.1160,-0.1413,0.2107,8.8274,-2.3206,4.1374,0.0534
1745410644.2250,-0.4908,-0.0479,9.1913,-0.5878,-3.6565,0.0916
1745410644.3311,-0.3543,-0.8499,11.8058,-1.9313,-2.4046,0.9466
1745410644.4371,-0.9074,-0.5842,12.9478,-1.8626,-2.9160,0.6031
1745410644.5432,-0.3184,0.2993,9.6869,-3.4656,0.0534,0.2137
1745410644.6492,-0.3591,-0.1365,7.7476,-3.3588,-0.0458,0.3282
1745410644.7552,-0.3855,-0.1460,9.6486,-3.8855,0.6412,-1.7328
1745410644.8613,-0.2753,-0.2658,9.2919,-2.2901,-0.4504,0.2061
1745410644.9673,-0.4884,-0.1173,9.1674,-3.1603,0.5038,0.2214
1745410645.0734,-0.2777,-0.3831,10.5249,-1.1908,-0.7023,0.6031
1745410645.1794,-0.4118,-0.4980,11.1570,-2.6031,-1.4122,0.3740
1745410645.2854,-0.5746,0.0215,10.4028,-2.3817,0.1985,0.5496
1745410645.3915,-0.4238,-0.3208,9.8617,-1.7634,-0.1145,0.0992
1745410645.4994,0.0551,-0.2897,8.3103,-2.4046,1.4656,0.1832
1745410645.6057,-0.0766,0.0503,8.9711,-3.2290,1.6641,0.0916
1745410645.7118,-1.1325,-0.2921,11.4658,-1.9389,-6.9847,0.5038
1745410645.8179,-0.7398,-0.3304,10.5752,-0.3969,-2.7786,0.5267
1745410645.9240,-0.3759,-0.6273,10.5249,-3.3282,-1.1527,0.1832
1745410646.0301,0.1676,0.3208,8.8585,-3.9847,3.0229,-0.0763
1745410646.1362,-0.9050,-0.1724,9.9647,-0.0382,-2.4885,0.3969
1745410646.2422,-0.8930,-0.3136,11.2743,-1.7634,-0.8473,0.1756
1745410646.3499,-0.3424,-0.9050,10.2999,-0.5115,-0.2748,0.8244
1745410646.4560,0.8452,-0.2179,6.1914,-6.4198,10.5038,-0.5878
1745410646.5620,-0.7015,-1.3479,10.1227,-0.5725,-3.8397,0.4580
1745410646.6680,-0.8499,-1.2330,10.6638,-1.6565,-2.7481,0.5496
1745410646.7741,-0.3735,-1.2450,10.1538,-1.2061,-0.3588,0.4885
1745410646.8801,-0.1341,-0.9433,10.0844,-2.6412,-1.8931,0.3664
1745410646.9861,-0.6249,-1.7238,10.7332,-2.6183,-0.3969,0.6031
1745410647.0922,-0.2993,-1.5419,8.7029,-3.3817,0.7328,0.5802
1745410647.1983,-0.7278,-2.0039,9.8114,-0.5725,-4.8168,0.8626
1745410647.3043,-0.4956,-1.9273,10.3860,-2.1985,0.1450,0.4962
1745410647.4103,-1.0199,-2.3272,10.9798,-0.6031,-2.5573,0.4733
1745410647.5164,-0.1221,-1.1779,7.9607,-4.4122,3.9160,-1.8855
1745410647.6226,-0.2969,-1.1396,9.5146,-0.5115,0.3053,-0.0153
1745410647.7286,-0.5555,-0.2753,9.4547,-0.2977,-0.4275,0.3206
1745410647.8348,-0.4501,-0.7159,10.5919,1.0916,-3.2061,0.5115
1745410647.9409,-0.1221,-0.4860,10.2448,-3.4122,-0.7252,0.7328
1745410648.0499,-0.3926,-1.4174,12.2823,-2.3053,-2.3511,0.3282
1745410648.1560,-0.1460,-0.0958,8.1211,-4.6565,1.5573,-0.2977
1745410648.2620,-0.2825,-0.7829,10.1227,-0.8626,-0.3817,0.2824
1745410648.3681,-0.0359,-0.1748,8.1523,-4.1298,2.7863,-1.8855
1745410648.4741,-0.2251,-0.5722,9.4667,-3.1679,0.4656,0.0534
1745410648.5801,-0.7542,-1.5754,12.8880,1.4962,-5.6565,0.8855
1745410648.6862,-0.5578,-0.5459,8.8657,-3.5191,-3.3893,0.2214
1745410648.7922,-0.8643,-1.0367,10.0700,-3.1221,-2.5802,0.0840
1745410648.8983,-0.3831,-0.2083,7.1227,-4.3893,-0.4427,-0.2214
1745410649.0043,-0.6393,-1.2689,10.0006,0.1908,-3.1756,0.2290
1745410649.1103,-0.1077,-0.3567,11.2743,-1.4580,-0.9160,0.3588
1745410649.2165,-0.6800,-1.1277,9.7468,-1.3206,-2.6183,0.4275
1745410649.3226,-0.0862,-0.1341,8.4204,-2.1527,1.6641,0.2214
1745410649.4286,0.0934,-0.2418,7.6040,-3.9847,0.1221,1.9313
1745410649.5358,-0.9122,-1.1684,9.4882,0.0534,-4.5802,0.2443
1745410649.6419,-1.1205,-1.3934,12.5696,0.6870,-6.5420,0.7023
1745410649.7480,-0.6919,-1.0870,12.4283,-0.5496,-3.1527,0.5115
1745410649.8542,-0.2490,-0.8954,9.9407,0.2061,-1.2443,0.4198
1745410649.9604,-0.4884,-1.1971,12.3158,0.4046,-5.0763,0.7405
1745410650.0693,-0.2466,-1.2881,9.7157,-3.2977,1.1679,0.2137
1745410650.1754,-0.4262,-0.6991,9.0118,-0.0763,-3.1298,0.2290
1745410650.2815,-0.3543,-0.6536,11.5329,-1.1527,0.4351,0.6183
1745410650.3875,-0.8452,-1.6951,11.0301,2.6031,-5.5802,0.8550
1745410650.4935,0.3400,-0.3831,8.0469,-6.0458,3.5496,-0.3435
1745410650.5997,-0.8643,-0.9601,9.0405,1.3588,-3.5954,0.7634
1745410650.7082,-0.3017,-0.9122,9.3206,-4.1298,0.0611,0.1374
1745410650.8142,-0.5076,-0.2705,8.2959,-1.4351,-0.9542,0.4809
1745410650.9202,0.1437,-1.3288,7.2449,-3.4198,0.0916,-0.2595
1745410651.0263,-0.2227,-0.8380,9.0740,0.7557,-1.9847,0.2748
1745410651.1323,-0.2586,-0.9936,10.6039,0.3053,-1.5496,0.2901
1745410651.2383,0.5842,-0.7853,8.5617,-2.3359,0.7099,0.3969
1745410651.3443,0.1125,-0.8643,8.3031,-1.7634,-0.4046,0.3969
1745410651.4504,-0.3950,-1.2402,12.5432,1.3206,-7.4656,0.9771
1745410651.5564,-0.3448,-0.7422,10.0341,-0.9160,-4.9924,1.0076
1745410651.6624,0.0072,-1.3934,10.1347,-1.5802,0.6412,0.3206
1745410651.7684,-0.9002,-1.6281,9.7013,-0.5878,-3.0840,1.0153
1745410651.8745,-0.4573,-1.3072,11.8824,-4.0000,1.3664,0.9695
1745410651.9806,-0.0287,-1.1372,9.8186,-0.0305,1.8931,0.6260
1745410652.0917,-0.1676,-0.1652,9.0453,-1.2977,-0.4198,0.2901
1745410652.1979,-0.1891,-1.2282,8.8849,0.5267,-4.8321,1.9084
1745410652.3041,0.4214,-0.3496,6.1723,-6.4962,6.0763,-0.3511
1745410652.4105,0.6608,0.3328,7.6231,-4.9618,3.8779,-0.2061
1745410652.5168,-0.1891,-0.9697,10.0437,-3.8626,5.4275,0.4275
1745410652.6249,-0.6608,-0.9697,11.9902,-3.1908,-5.5038,0.8244
1745410652.7309,-0.5052,-0.6129,8.7795,1.7252,-8.1832,0.4351
1745410652.8370,-0.0479,-1.4533,9.0237,-3.9008,0.5802,1.8626
1745410652.9430,-0.7111,-1.4341,9.3757,-0.9466,1.9084,0.4962
1745410653.0490,0.2274,-0.7638,8.4252,-4.1450,1.8702,0.2901
1745410653.1551,-0.7757,-0.8571,12.1051,1.1527,-2.0840,0.8168
1745410653.2612,-0.0407,-0.9122,11.7627,-4.5038,-0.3588,0.4733
1745410653.3672,0.2466,0.9242,3.4453,-6.7557,3.5802,-0.7939
1745410653.4733,-0.3328,-2.3176,8.7317,-1.9084,1.2824,-0.3969
1745410653.5793,-0.1628,0.8140,10.6734,-2.7176,2.8473,0.0534
1745410653.6853,0.1197,0.0455,11.0492,-1.9237,5.7023,1.9389
1745410653.7914,-0.7733,-0.2466,11.9135,0.7710,-2.2672,1.0611
1745410653.8975,0.1197,0.3089,10.5417,-7.7710,-0.5267,0.4122
1745410654.0036,0.7973,1.2306,6.4093,-3.8092,3.9313,-0.5344
1745410654.1096,-0.5363,0.3903,10.1251,0.4427,-5.8321,0.7557
1745410654.2156,-1.0199,-0.5626,11.7555,1.3588,-3.3969,0.9695
1745410654.3243,0.1077,-0.7638,13.5129,-4.0458,2.5038,0.7939
1745410654.4303,0.1772,-0.0694,9.8474,-2.0763,1.8321,0.2595
1745410654.5364,-0.9026,0.6656,8.1882,-1.4962,-2.7328,0.3282
1745410654.6424,-0.4286,0.6153,10.5584,-2.4427,-1.4809,0.6183
1745410654.7485,-0.8619,-0.8715,12.5097,0.4427,-0.1527,0.9466
1745410654.8545,-1.0965,-1.1349,12.4139,-0.5344,-3.5115,0.6336
1745410654.9605,-0.4932,-0.4669,12.5504,-5.8092,-0.7252,0.6870
1745410655.0666,-0.4693,0.2274,8.0038,-6.2519,0.3359,0.5420
1745410655.1726,-0.3352,-0.4501,7.7812,-1.9313,-1.4733,0.5267
1745410655.2787,-0.6991,-0.9457,9.1578,-4.3053,-1.6641,0.4351
1745410655.3877,-0.0431,-1.0582,13.0316,-2.7328,2.8244,0.8855
1745410655.4938,-0.6177,-0.0263,9.6582,0.3817,-2.5496,0.8092
1745410655.6001,-0.1604,0.0000,6.0406,-0.3511,1.2595,0.0916
1745410655.7090,-0.4693,-1.2498,13.5703,1.0458,-2.6565,1.2061
1745410655.8151,0.1269,-0.9912,10.6494,-1.2901,-2.9618,1.7710
1745410655.9232,0.8739,0.2610,10.7667,-1.0000,-0.4580,4.2137
1745410656.0292,0.4717,0.9361,8.6503,-2.9542,3.0763,4.0611
1745410656.1353,-0.0575,1.5490,6.2608,-2.1298,2.0534,3.1908
1745410656.2413,-1.2857,0.7039,10.2472,-1.6260,-0.2519,2.3435
1745410656.3473,-0.8428,0.8859,8.5090,-3.8397,2.8550,0.6947
1745410656.4534,-0.4142,0.8978,8.6311,-4.3969,2.9237,-0.1221
1745410656.5594,0.0000,1.4676,4.0510,-6.1145,-1.6718,-1.1221
1745410656.6655,-0.8140,0.5890,9.7085,-1.5267,-2.2519,0.1679
1745410656.7715,-0.5219,0.2251,10.6518,0.5115,-4.4962,0.1985
1745410656.8796,-0.7087,0.4094,8.4851,-1.5573,0.4809,-0.3282
1745410656.9856,-0.5315,0.7063,10.5345,-3.9695,3.7099,-0.0382
1745410657.0918,-0.4597,-0.3041,7.6878,-2.1908,-1.1145,-0.5038
1745410657.1979,-0.8571,0.7685,9.8019,-3.0458,-3.4427,-0.2214
1745410657.3039,-0.1915,0.5363,10.7524,-2.8015,-0.2595,-0.5344
1745410657.4101,-0.4381,-0.0790,7.0844,-4.7557,1.9084,-1.1756
1745410657.5191,-0.1077,-0.1221,9.1985,-4.7176,2.2901,-0.6794
1745410657.6251,-0.1724,0.2658,9.3230,-0.8702,0.2824,-0.1527
1745410657.7312,-0.4214,0.2274,8.5665,-0.2214,-1.1908,-0.3817
1745410657.8372,-0.8212,-0.4453,8.7532,-2.8550,-2.9924,-0.7634
1745410657.9433,-0.8140,-0.9026,11.9088,-0.8092,-0.9313,-0.7710
1745410658.0493,-0.7542,-0.7829,9.3589,-5.6412,0.7328,-1.5573
1745410658.1554,-1.0271,-1.5179,11.3916,0.0763,-4.0916,-1.0000
1745410658.2614,-0.6009,-1.2761,10.4986,-2.4275,0.2366,-1.4962
1745410658.3674,-0.0814,-0.4238,7.7141,-3.3969,1.9313,-1.6489
1745410658.4735,-0.1820,-1.2330,9.8881,-1.9084,1.5878,-1.0305
1745410658.5795,-0.6057,-0.4166,10.0580,-1.2672,-3.2366,-0.9008
1745410658.6889,-0.6081,-0.5794,10.0030,-2.5802,0.9924,-0.9618
1745410658.7950,-0.2610,-0.4741,9.0836,-2.9771,2.5802,-1.2977
1745410658.9011,-0.9361,-0.9218,12.9718,1.4809,-3.2748,-1.9313
1745410659.0072,-0.0694,-0.3591,8.1523,-4.1374,1.5802,-0.7710
1745410659.1132,-0.9170,-0.7590,11.2049,1.3664,-4.8473,-0.4656
1745410659.2222,-0.7207,-0.5435,10.9702,-1.0229,-0.9924,0.1145
1745410659.3283,-0.4597,-0.2203,9.2488,-2.3282,2.5649,-1.8550
1745410659.4343,-0.5291,-0.1006,8.1762,-4.3053,0.8092,-1.9542
1745410659.5403,-0.6800,-0.7997,11.3772,-1.1908,0.3206,0.1298
1745410659.6464,-0.3950,-0.1939,10.7524,-1.1069,-1.8015,0.2061
1745410659.7524,-0.6536,0.0527,9.7636,-0.3740,-3.4427,0.2443
1745410659.8584,-0.9122,-0.3974,12.7515,0.4580,-3.0229,0.4885
1745410659.9645,-0.4884,0.5076,9.4260,-3.1374,1.1374,-0.2672
1745410660.0705,-0.0168,-0.1724,10.7236,-2.3817,1.2214,-1.9008
1745410660.1766,-0.4693,0.2107,9.3709,-2.8397,-1.8168,0.2595
1745410660.2826,-0.3328,0.5842,9.8833,-5.6947,1.1679,-0.0458
1745410660.3888,-0.5028,0.0359,10.5225,-3.1298,-1.6336,0.2748
1745410660.4949,-0.6800,-0.2298,10.4004,-1.4580,-1.3817,0.2443
1745410660.6010,-0.3352,1.0247,9.4930,-3.5725,1.8015,1.9084
1745410660.7073,-0.3807,1.0942,10.1059,-0.6718,-0.8244,0.0458
1745410660.8134,-0.2610,1.7717,7.0701,-3.8550,2.5649,-0.0916
1745410660.9194,0.1006,1.6065,10.6398,-2.0153,1.1450,-1.8550
1745410661.0254,-1.3671,1.4269,12.1075,1.0992,-5.0611,0.4351
1745410661.1315,-0.9170,2.1691,11.8992,-0.7710,-5.3740,0.3893
1745410661.2375,-0.3950,2.7078,8.5497,-2.5496,2.9160,-0.4427
1745410661.3436,-0.2658,2.9018,10.0916,-2.6565,2.6718,-1.9008
1745410661.4496,-0.2298,2.7964,8.1379,-1.8931,-2.7176,0.3588
1745410661.5556,-0.9361,2.1739,8.9447,-1.7023,-0.5038,1.9008
1745410661.6617,-0.1437,2.1476,10.4411,-0.7710,-0.8092,0.1985
1745410661.7678,-0.3017,1.8866,10.9654,-1.0916,-1.7405,0.3969
1745410661.8738,-0.4238,1.8675,9.5744,-1.0229,-2.0992,0.3130
1745410661.9799,-0.4956,1.3384,9.2943,-2.8931,-0.0076,1.9313
1745410662.0859,-0.5578,0.9337,9.8210,-2.9695,0.2366,0.2443
1745410662.1920,-0.4190,0.6225,9.2751,-2.1756,-0.9847,0.1908
1745410662.2980,-0.5626,0.7374,10.0580,-1.9237,-1.0153,0.2595
1745410662.4041,-0.3543,1.3527,9.2440,-1.7939,-0.8855,0.3893
1745410662.5103,-0.6225,1.0175,9.6295,-1.4427,-2.8397,0.3511
1745410662.6164,-0.6800,0.8116,10.1418,-1.5878,-1.8702,0.4580
1745410662.7228,-0.2203,1.2019,9.0668,-2.6260,0.4656,0.0840
1745410662.8316,-0.4525,1.0942,9.5888,-1.3053,-2.1679,0.2595
1745410662.9378,-0.8691,1.2091,10.5680,-2.0916,-1.6947,0.5725
1745410663.0457,-0.4621,1.3336,9.0453,-2.3817,0.3664,0.1603
1745410663.1517,-0.5986,0.2562,9.9790,-2.1603,-1.2595,0.2137
1745410663.2577,-0.5746,-0.3472,9.7420,-3.6260,-0.3969,-1.9389
1745410663.3638,-0.6632,-0.9098,9.9527,-2.8702,-0.0763,0.0382
1745410663.4698,-0.2394,-0.1269,9.4619,-2.1298,-0.0305,0.3359
1745410663.5759,-0.5435,-0.3472,9.7540,-1.2366,-0.7710,0.2595
1745410663.6819,-0.5962,0.0359,9.8306,-2.0687,-0.6336,0.3359
1745410663.7879,-0.6249,-0.2131,10.0078,-1.8702,-0.6947,0.3817
1745410663.8940,-0.5411,-0.2179,9.6845,-1.9466,-0.8855,0.0916
1745410664.0000,-0.4884,-0.2682,9.7276,-2.1756,-0.7939,0.4885
1745410664.1061,-0.5100,-0.2298,9.6941,-2.0458,-0.5115,0.2214
1745410664.2122,-0.7518,-0.2538,9.7707,-2.2061,-0.3435,0.4122
1745410664.3184,-0.5195,-0.2993,9.8019,-2.0458,-1.2901,0.2443
1745410664.4245,-0.5483,-0.1939,9.6989,-2.0458,-0.4427,0.2672
1745410664.5306,-0.5243,-0.1915,9.4547,-2.1832,-0.9084,0.0763
1745410664.6368,-0.5770,-0.2227,9.8952,-2.1374,-0.9466,0.2595
1745410664.7454,-0.5866,-0.1939,9.6941,-1.7557,-0.7481,0.3969
1745410664.8543,-0.6249,-0.1030,9.6726,-0.0382,-0.9771,0.3893
1745410664.9603,-0.3112,-0.2035,9.6079,-2.3664,-0.7328,0.3130
1745410665.0663,-0.5866,-0.1580,9.5122,-2.1908,-0.4656,0.3206
1745410665.1723,-0.5411,-0.2682,9.7037,-1.9695,-0.9389,0.0534
1745410665.2783,-0.6584,-0.2490,9.7612,-1.6718,-0.6183,0.4504
1745410665.3843,-0.4788,-0.2825,9.4667,-2.3053,-1.1527,0.3435
1745410665.4904,-0.6009,-0.2059,9.8809,-2.0382,-0.4427,0.2061
1745410665.5964,-0.5387,-0.2897,9.4092,-1.9695,-0.7328,0.0687
1745410665.7033,-0.5698,-0.1676,9.6415,-1.9008,-1.0382,0.0687
1745410665.8093,-0.4501,-0.2083,9.6295,-2.2824,-0.7786,0.3359
1745410665.9153,-0.6967,-0.1652,9.9503,-1.6794,-1.0916,0.0382
1745410666.0213,-0.5507,-0.2993,9.6391,-2.1298,-0.5496,0.5191
1745410666.1273,-0.5938,-0.1149,9.5672,-0.0305,-0.9847,0.4885
1745410666.2334,-0.5291,-0.2011,9.5624,-2.2977,-0.7863,0.2061
1745410666.3403,-0.5866,-0.1963,9.8162,-1.7405,-1.2366,0.4656
1745410666.4464,-0.4908,-0.1987,9.5696,-2.4046,-0.1679,0.2824
1745410666.5526,-0.6488,-0.2897,9.5600,-2.2672,-1.0763,0.1832
1745410666.6587,-0.5195,-0.2777,9.7971,-2.0840,-0.5267,0.3817
1745410666.7650,-0.5267,-0.1676,9.8402,-1.7252,-0.9618,0.3359
1745410666.8711,-0.5746,-0.2107,9.5912,-0.0076,-0.7939,0.2901
1745410666.9781,-0.5459,-0.1772,9.9072,-2.0687,-1.1069,0.1985
1745410667.0842,-0.5770,-0.2610,10.0054,-1.8168,-0.9160,0.4351
1745410667.1903,-0.5746,-0.2801,9.8282,-1.8702,-0.8931,0.3053
1745410667.2964,-0.4836,-0.2274,9.6271,-2.0916,-0.7634,0.3053
1745410667.4025,-0.6369,-0.2059,10.1969,-1.8855,-1.2519,0.4580
1745410667.5085,-0.5411,-0.2801,10.0413,-1.7328,-0.7863,0.3206
1745410667.6146,-0.5962,-0.2753,9.7947,-2.0992,-0.6336,0.1908
1745410667.7206,-0.5291,-0.2251,9.6391,-2.2672,-0.3893,0.4962
1745410667.8267,-0.5243,-0.2227,9.8545,-2.1679,-0.8473,0.2977
1745410667.9327,-0.5578,-0.2825,9.7803,-1.9237,-0.5038,0.1832
1745410668.0387,-0.5938,-0.2490,9.8162,-1.8092,-0.9695,0.6183
1745410668.1448,-0.5339,-0.2131,9.6007,-1.8855,-0.7023,0.3435
1745410668.2508,-0.5483,-0.1389,9.8282,-2.2290,-0.9008,0.2977
1745410668.3569,-0.5986,-0.1939,9.5672,-2.1069,-0.4198,0.0611
1745410668.4629,-0.7159,-0.2370,9.7037,-1.8168,-1.3359,0.2443
1745410668.5691,-0.4860,-0.2346,9.6774,-0.0305,-0.6794,0.3359
1745410668.6752,-0.5483,-0.1221,9.6702,-2.2061,-0.6107,0.2672
1745410668.7812,-0.4860,-0.2873,10.0317,-2.2443,-0.2901,0.2977
1745410668.8873,-0.4645,-0.1891,9.6367,-1.5344,-1.1527,0.3053
1745410668.9960,-0.6800,-0.2322,10.3382,-2.1756,-0.6794,0.3053
1745410669.1021,-0.3926,-0.4286,9.8857,-1.6641,-0.4427,0.2290
1745410669.2081,-0.6800,-0.1915,9.7444,-2.0458,-1.0229,0.2290
1745410669.3142,-0.4477,-0.1724,9.6941,-2.0382,-0.4504,0.0916
1745410669.4203,-0.6297,-0.2849,9.8426,-2.3130,-0.8244,0.2901
1745410669.5263,-0.5148,-0.3424,10.0149,-1.5191,-1.0916,0.3969
1745410669.6323,-0.6536,-0.1748,9.3877,-2.4198,-0.3740,0.1679
1745410669.7384,-0.4142,-0.1796,9.5074,-1.6565,-0.9008,0.6260
1745410669.8444,-0.6991,-0.1844,10.1993,-2.0611,-0.9160,0.5344
1745410669.9504,-0.4908,-0.2945,10.1394,-1.8168,-0.9924,0.3817
1745410670.0565,-0.6584,-0.2346,9.6750,-1.8779,-0.6489,0.1603
1745410670.1625,-0.5914,-0.2969,9.7875,-1.7328,-1.3664,0.4580
1745410670.2686,-0.5195,-0.1460,9.9264,-2.0534,-0.9924,0.5496
